# Format: McCode with text headers
# URL: http://www.mccode.org
# Creator: 
# Instrument: BOA_beamline_monitors.instr
# Ncount: 25000000
# Trace: no
# Gravitation: no
# Seed: 1000
# Directory: BOA_1-9AA_1e8/1
# Nodes: 8
# Param: flagin=1
# Param: trompete_exit_slit_width=0.04
# Param: trompete_exit_slit_height=0.04
# Param: Lmin=1
# Param: Lmax=9
# Param: threshold=1e-12
# Date: Wed Jan  4 16:02:57 2023 (1672844577)
# type: array_2d(100, 20)
# Source: BOA_RNR51 (BOA_beamline_monitors.instr)
# component: source_divergence_check
# position: 0 0 1
# title: Divergence monitor
# Ncount: 200000000
# filename: divsource.dat
# statistics: X0=0.0358679; dX=1.02573; Y0=-1.76969e-05; dY=1.63126;
# signal: Min=0; Max=2.45703e+09; Mean=2.87559e+08;
# values: 5.75118e+11 1.05772e+08 9.55963e+07
# xvar: X 
# yvar: Y 
# xlabel: X divergence [deg]
# ylabel: Y divergence [deg]
# zvar: I
# zlabel: Signal per bin
# xylimits: -5 5 -5 5
# variables: I I_err N
# Data [source_divergence_check/divsource.dat] I:
0 0 0 0 0 0 0 0 0 0 0 0 0 0 0 0 0 0 0 0 0 0 0 0 0 0 0 0 0 0 0 0 0 0 0 0 0 0 0 0 0 0 0 0 0 0 0 0 0 0 0 0 0 0 0 0 0 0 0 0 0 0 0 0 0 0 0 0 0 0 0 0 0 0 0 0 0 0 0 0 0 0 0 0 0 0 0 0 0 0 0 0 0 0 0 0 0 0 0 0 
0 0 0 0 0 0 0 0 0 0 0 0 0 0 0 0 0 0 0 0 0 0 0 0 0 0 0 0 0 3839.3384 3446.666947 4823.683972 2926.154934 42874.52971 90605.37242 93426.94384 43359.68396 42715.11401 47973.28813 76651.47741 84930.97564 83795.23364 72696.91537 66396.00916 120584.5102 111665.891 151526.0186 150950.8049 171006.5458 185017.2258 115716.141 159813.9458 72471.63133 47288.14134 80623.0839 169912.134 235315.8799 132926.7064 139682.0131 148813.051 83861.95161 40201.88432 81466.00535 55193.23706 88840.72762 88475.23875 74472.8321 36310.95268 10711.61587 56632.49081 49431.73202 9356.685863 42117.599 17284.78425 343.7938108 0 0 0 0 0 0 0 0 0 0 0 0 0 0 0 0 0 0 0 0 0 0 0 0 0 
0 0 0 0 0 0 0 0 0 0 0 0 0 0 0 0 0 0 0 0 0 0 0 0 0 0 23520.70798 819989.6892 3852484.031 10744156.28 18572335.43 27136581.36 35856922.96 42007142.57 52801985.9 57915732.65 68248452.85 75490592.34 81073095.55 93573598.39 99617089.08 104375002.4 114786969.9 124048466.8 131363941.9 135336760.7 145896680.9 156356833.5 160705728.1 171075058.8 170468562 168931902.1 163920938.6 159133620.8 156136859.5 149804026.1 145423838.7 138542426.2 132186524 125192203 117657170.2 113470069.3 99321112.34 93754680.86 84493808.8 77843584.59 68175086.02 59663983.34 50175109.68 45606617.14 37325659.57 28785767.96 20812849.08 12152871.94 5204836.984 2713.619362 0 0 0 0 0 0 0 0 0 0 0 0 0 0 0 0 0 0 0 0 0 0 0 0 
0 0 0 0 0 0 0 0 0 0 0 0 0 0 0 0 0 0 0 0 0 0 0 0 681.359205 1180443.801 7601115.683 20171744.88 37065325.58 56841548.29 81075268.56 106583053.6 127616433.8 152317013.5 176112252.1 196803265.7 219500494.8 244231291.1 266212745.2 286731368.7 321367442.8 338945514.6 359743708.9 380596057.4 400411813.7 425148675 448883012.6 459096458 479039401.6 494698786.9 494678233.9 487263932.7 471977901.1 459621676.5 449759827 435305841.9 423646420.2 403512869.5 388900037.3 360921681.4 336113035.5 314467871.5 289815673.5 266379481.6 242389662.2 220760682.3 197778651.5 169657210.2 151565883.1 129218028.8 105829257.3 83983379.34 61056858.46 36411231.03 13515584.34 12271.70092 0 0 0 0 0 0 0 0 0 0 0 0 0 0 0 0 0 0 0 0 0 0 0 0 
0 0 0 0 0 0 0 0 0 0 0 0 0 0 0 0 0 0 0 0 0 0 0 0 31812.00621 8628022.181 30286076.25 57001808.78 89944441.7 129065253.9 162512388.7 204789411.2 239332437.4 282617860.2 315965144.7 354617823.1 394732555.1 432611623.4 471847941.1 518850628.5 547921589.1 585044188.5 624108556.9 659185377.8 695243325.2 711148096.8 740123514.3 773385902.8 795891399.2 820526431 825315891.8 804711764.9 781300541.1 767751296.9 740987985.5 725123028 707755705.6 667420712.8 635885670.7 593865655.4 560593855 516791651.7 481622904.9 440590662.1 407994139.9 363121149.4 328952638.3 293651301.8 255091330.1 213742075.2 172675991.8 137021237.1 97058537.12 60015485.2 21744908.39 56235.65291 0 0 0 0 0 0 0 0 0 0 0 0 0 0 0 0 0 0 0 0 0 0 0 0 
0 0 0 0 0 0 0 0 0 0 0 0 0 0 0 0 0 0 0 0 0 0 0 0 10119.96096 17606903.96 53962950.32 95983793.01 142599467.7 196060856.3 248754859.9 304689700.2 356995715 409825585.5 456929834.7 515614560.9 574210948.2 622332013.8 675823840.8 723868423.2 784823298.5 834997371.4 888571447.3 937541186.2 978423504.3 1013372043 1035239247 1079936218 1111889039 1147205109 1144128923 1121335091 1093142547 1071345820 1034499310 1017522911 986666740 932137727.4 885217672.5 831129343.6 773599814.9 719300668.6 670149138.5 619165699.7 564609620.8 512883149.4 460924723.2 400159853.4 347901682.5 297692924.5 246553820.9 189069556.2 136182212.3 83159977.2 30249717.6 137015.2484 0 0 0 0 0 0 0 0 0 0 0 0 0 0 0 0 0 0 0 0 0 0 0 0 
0 0 0 0 0 0 0 0 0 0 0 0 0 0 0 0 0 0 0 0 0 0 0 0 106461.4573 25158646.2 75366645.94 132081467.5 196805739.4 266385735.2 330614137.1 402921142.3 471487762.7 539725727.3 611659443.4 672400842.1 737804265.6 813802919.9 877191068.4 951410290 1013245735 1085085534 1157562517 1215969170 1261706856 1308096677 1346745787 1390750664 1434696576 1466213783 1475226222 1448940599 1404097214 1357946919 1323197653 1291720500 1252795429 1198251171 1130505649 1066595939 994732685.2 928257637.4 860440611.3 790915254.1 721090601.2 651998227.4 589445871.8 516042252.4 444071608.5 382557478.5 313082318 242300452.6 174776367.7 103793677.3 37648821.87 117974.127 0 0 0 0 0 0 0 0 0 0 0 0 0 0 0 0 0 0 0 0 0 0 0 0 
0 0 0 0 0 0 0 0 0 0 0 0 0 0 0 0 0 0 0 0 0 0 0 0 116887.1487 35601450.37 100707677.1 171691060 254168194.8 337985109.4 414812389.6 500784694 583901749.4 667838955.8 751774050 838094847.2 918643598.9 1003314499 1081982835 1168889843 1257894322 1336017557 1419393235 1495724453 1544601579 1601859089 1649609163 1705478063 1743403752 1792403197 1798542873 1744584892 1718535181 1653196692 1629316264 1583546554 1530095716 1467359664 1377232157 1297141497 1218848405 1135466735 1052623301 966113443.5 884672505.6 799664489.7 713145178.1 628590322.2 549957057.8 464943089.9 383184156.4 299338100.7 215111116.5 130527822.4 49175990.29 161886.9007 0 0 0 0 0 0 0 0 0 0 0 0 0 0 0 0 0 0 0 0 0 0 0 0 
0 0 0 0 0 0 0 0 0 0 0 0 0 0 0 0 0 0 0 0 0 0 0 0 86854.92427 41479143.74 123137075.4 212769578.2 303449226 402276114.6 502207356.4 599034942.1 702011477.3 790404547.7 892471425.9 994646122.5 1090581377 1189134727 1289286461 1387777859 1487963210 1594122399 1677937856 1771301513 1830672862 1887094609 1951993016 2002866817 2067465075 2122752592 2125902987 2075901254 2026585001 1969803240 1925825110 1859976334 1815761571 1720862145 1642765895 1531459128 1429807637 1345241911 1235230903 1137174295 1039087546 946775165.1 847934769.2 744361485 647712878.1 551126186.8 448508396.7 348196691.3 257786035.5 155251652.8 56348661.46 230437.9879 0 0 0 0 0 0 0 0 0 0 0 0 0 0 0 0 0 0 0 0 0 0 0 0 
0 0 0 0 0 0 0 0 0 0 0 0 0 0 0 0 0 0 0 0 0 0 0 0 143173.5947 43333632.54 132468302.6 229178088.7 336379035.9 447782583.9 567046720.4 682785691.9 790341703.7 900936579.6 1023503474 1127501894 1255244101 1358963317 1473586196 1593616050 1692284800 1816275898 1923794036 2039606757 2101278897 2184425962 2255532390 2321133570 2375926694 2457033978 2446844847 2390947467 2333177183 2270563803 2200698040 2147975478 2096342709 2004478693 1883235729 1772254023 1666363009 1541291052 1424174701 1317249125 1199174158 1084153961 973962868.4 863845239.3 743595779.8 630895133.2 517127407.5 407458387.6 290623120.1 175224244.2 62920189.54 243250.3791 0 0 0 0 0 0 0 0 0 0 0 0 0 0 0 0 0 0 0 0 0 0 0 0 
0 0 0 0 0 0 0 0 0 0 0 0 0 0 0 0 0 0 0 0 0 0 0 0 184491.582 45710958.66 133501913.6 232338008.9 337965195.4 453003510.6 568939803.4 676974421.8 788877915.2 909702223.8 1018896849 1137576193 1240780045 1365601580 1472822679 1588492257 1713799536 1820174397 1922486334 2032746359 2102386640 2176023091 2241230187 2312315869 2384729888 2440633920 2452923697 2381984941 2335326159 2278519423 2206535167 2150768762 2085898714 1986868868 1893779258 1760934571 1658729012 1536704716 1423605662 1320728703 1207655871 1081431111 977206565.6 857641642.4 748073332 632259284.6 516254967.4 404724525 292557583.4 177904673.5 63216218.23 197376.0937 0 0 0 0 0 0 0 0 0 0 0 0 0 0 0 0 0 0 0 0 0 0 0 0 
0 0 0 0 0 0 0 0 0 0 0 0 0 0 0 0 0 0 0 0 0 0 0 0 101198.2373 42993664.17 122811157.8 212041191.2 302793236.9 394710889.6 500544911.2 593787118.8 698878409 792362135.1 894173949.8 998173259 1094107275 1190051078 1293344076 1391842032 1489584069 1586283973 1680260994 1767997097 1823578366 1891403669 1957130631 2006928378 2064307895 2131120190 2122330862 2065788320 2016313360 1956465007 1922455367 1869801617 1817833078 1736375530 1637910688 1522423638 1444105571 1342970265 1239734575 1148422791 1039809088 944326623.8 849607851.5 739960367.2 644004927.3 551713115.4 443996842 356914570.8 254125025.6 154784048 55531762.44 85427.23372 0 0 0 0 0 0 0 0 0 0 0 0 0 0 0 0 0 0 0 0 0 0 0 0 
0 0 0 0 0 0 0 0 0 0 0 0 0 0 0 0 0 0 0 0 0 0 0 0 223031.1732 35287914.16 101000529.3 171148237.2 251050237.5 330181618.6 418489292.9 499698418.2 588590106.9 670824755.6 751613402.8 835372315.7 914934870.3 1002755907 1089952152 1167666600 1244765343 1332450433 1416319639 1497052258 1546414130 1590866723 1654910080 1704890125 1746612152 1785711552 1803702318 1760310913 1705652773 1668056404 1620731713 1578566721 1538032042 1473007485 1380057928 1291753912 1216143821 1138698461 1047557160 956226342.9 875837866.3 803347066.3 714262838.9 635004285.3 554245347.5 461028756.8 382056732.8 296897271.8 214118913.6 132890967.6 48252452.03 213155.3865 0 0 0 0 0 0 0 0 0 0 0 0 0 0 0 0 0 0 0 0 0 0 0 0 
0 0 0 0 0 0 0 0 0 0 0 0 0 0 0 0 0 0 0 0 0 0 0 0 91430.10913 26161256.31 77050478.03 134151004.5 197649725.9 263985619.7 330476435.3 405083556.6 466869683.5 540363435.7 609390198 669453446.4 745692399.4 814498612.8 881869981.6 945494221.6 1007627293 1084335076 1160328600 1215512901 1262289055 1310808910 1350726128 1394817716 1439486704 1465110314 1467106007 1434688455 1398837443 1363485902 1332124381 1295772843 1252180347 1205915552 1138347663 1068728599 995550849.3 931378196.6 863291194.3 787308407.8 724329426.5 654751783.6 586851039.2 520681085.6 448500359.4 383451579.1 314583610.1 242225393.4 175026871.5 105275963.7 40135756.48 131763.5271 0 0 0 0 0 0 0 0 0 0 0 0 0 0 0 0 0 0 0 0 0 0 0 0 
0 0 0 0 0 0 0 0 0 0 0 0 0 0 0 0 0 0 0 0 0 0 0 0 82772.88194 18803409.45 52615414.07 95130588.79 142889140.3 197259197.8 246531205.6 298844069.5 355995594.4 406606221.8 463545284.7 516942974.4 574258037.1 626921376.8 676810100.4 738281632.6 776937895.2 834458132.9 888800481.5 941962155.2 976457224.9 1008123166 1047435575 1081150407 1114051837 1152118157 1146133570 1127305494 1086268307 1067115651 1037831305 1006999986 979739634.7 936695855.7 878814399 825724381.9 775180269.6 723601553.8 664716249.7 615952713 563355984.1 510404446.2 456417141.8 404679299.4 350582477.4 295167252 244919184 190763776 135535422.8 81820273.53 30282056.72 102322.0917 0 0 0 0 0 0 0 0 0 0 0 0 0 0 0 0 0 0 0 0 0 0 0 0 
0 0 0 0 0 0 0 0 0 0 0 0 0 0 0 0 0 0 0 0 0 0 0 0 35113.09467 9620286.464 29886927.82 57995616.91 89612151.08 127549072.9 164920504.9 206935286.5 242384575.9 280465537.6 317645445 353293993.2 394043524.6 429312246.1 464632393 507097501.2 547506734.8 581108393.5 622013356.2 657794219.7 689313606.3 716392223.2 745812290.6 777924476 795444207.6 823014669.6 818881512.9 808849472.2 785339052 763148578 751107767.3 725435207.1 703382132.7 670417361.7 632330367.4 593332093 557425391.5 520499394.5 479616828.9 442531183 410164459.2 366369584 327668598.1 290305142.4 251551364.8 209719241.1 174691829.2 134001400.9 97465806 59626958.77 21176195.81 60033.30611 0 0 0 0 0 0 0 0 0 0 0 0 0 0 0 0 0 0 0 0 0 0 0 0 
0 0 0 0 0 0 0 0 0 0 0 0 0 0 0 0 0 0 0 0 0 0 0 0 0 1488775.476 8086495.777 18872879.17 36067216.61 58491239.51 80807519.19 105096311.2 128589848.3 152003024.1 171852835 199618770.2 219075744.7 244055961.5 263611802.5 294608267.8 310804027 336616470.3 359779564.1 382633639.5 405760331.5 424549088.8 443411187.9 457338616.3 483584362.4 489766478 491268914.8 487358835.1 468145534.4 460944277.8 449501999.7 430678694.9 426079711.9 407389991.8 380810276.5 355542483.9 334976583.7 315191859.3 290750637.6 270153441.1 245360033.7 220841329.4 197110628.3 175698412.2 149323709.8 131993833.1 105768148.8 81999431.46 60108333.36 36905387.37 12643614.15 186306.871 0 0 0 0 0 0 0 0 0 0 0 0 0 0 0 0 0 0 0 0 0 0 0 0 
0 0 0 0 0 0 0 0 0 0 0 0 0 0 0 0 0 0 0 0 0 0 0 0 0 0 54162.62214 1100203.972 4584152.666 11073147.5 18256052.54 27452856.1 35307471.99 44289806.5 50810789.4 59202403.2 68347293.24 74459212.79 82938831.07 90032287.12 100978620.3 107397893.7 117068573.7 122797485.9 132691204.3 137976931.3 148679352 156173665.6 164373193.1 169050531.2 170350284.9 166339525.9 164893129.6 160639268.3 156804340.7 151334719.2 147417549.8 140707912.2 133691051.9 123308522.5 116597691.4 109987002.1 99042209.02 92577271.17 84175957.71 79530174.97 68674186.26 61178087.4 55174529.15 43552427.35 37894481.42 29372681.27 20994862.96 12987116.83 4703439.932 10397.17485 0 0 0 0 0 0 0 0 0 0 0 0 0 0 0 0 0 0 0 0 0 0 0 0 
0 0 0 0 0 0 0 0 0 0 0 0 0 0 0 0 0 0 0 0 0 0 0 0 0 0 0 0 0 0 4660.019061 17307.16317 26633.39453 11285.52408 63893.12903 11764.99751 10591.6952 66188.76028 24071.12828 27944.15431 151209.6781 162185.1351 102012.7729 21906.84646 90437.72917 113198.9776 152052.6135 209856.9048 172196.025 73808.5742 93662.7515 76671.87505 143828.0269 135320.9884 37023.91832 180551.3903 61451.62635 123994.2107 83849.24232 144668.5103 51887.77845 138014.3298 147411.8029 110099.3402 132503.1478 34843.95071 51940.32859 59639.95014 31595.15927 67508.71122 17318.41109 49700.14339 18009.31339 35957.32752 7577.779743 0 0 0 0 0 0 0 0 0 0 0 0 0 0 0 0 0 0 0 0 0 0 0 0 0 
0 0 0 0 0 0 0 0 0 0 0 0 0 0 0 0 0 0 0 0 0 0 0 0 0 0 0 0 0 0 0 0 0 0 0 0 0 0 0 0 0 0 0 0 0 0 0 0 0 0 0 0 0 0 0 0 0 0 0 0 0 0 0 0 0 0 0 0 0 0 0 0 0 0 0 0 0 0 0 0 0 0 0 0 0 0 0 0 0 0 0 0 0 0 0 0 0 0 0 0 
# Errors [source_divergence_check/divsource.dat] I_err:
0 0 0 0 0 0 0 0 0 0 0 0 0 0 0 0 0 0 0 0 0 0 0 0 0 0 0 0 0 0 0 0 0 0 0 0 0 0 0 0 0 0 0 0 0 0 0 0 0 0 0 0 0 0 0 0 0 0 0 0 0 0 0 0 0 0 0 0 0 0 0 0 0 0 0 0 0 0 0 0 0 0 0 0 0 0 0 0 0 0 0 0 0 0 0 0 0 0 0 0 
0 0 0 0 0 0 0 0 0 0 0 0 0 0 0 0 0 0 0 0 0 0 0 0 0 0 0 0 0 3839.3384 3464.296468 5418.374705 2357.72076 34803.28812 53287.21213 47825.94137 37732.77763 28613.83419 32275.65685 41765.05131 49340.70069 36675.88428 34185.16693 39029.31148 50088.55247 51718.6759 58238.03956 61117.25071 59055.97002 63806.50654 42623.13975 55960.38469 41590.10902 35253.80268 34000.68134 65237.10254 74321.68048 48438.77446 60548.35707 55251.65817 46940.99911 18783.65105 43006.36031 26446.22879 48291.40997 46113.29594 49370.59837 39161.94704 8010.959474 38885.26724 32655.00892 7057.407438 27292.03502 18034.02511 343.7938108 0 0 0 0 0 0 0 0 0 0 0 0 0 0 0 0 0 0 0 0 0 0 0 0 0 
0 0 0 0 0 0 0 0 0 0 0 0 0 0 0 0 0 0 0 0 0 0 0 0 0 0 14895.78874 132805.2835 267603.2619 452414.142 598430.0789 734032.8182 838590.3253 905923.5617 1014452.251 1056940.162 1155138.653 1205345.512 1250078.07 1353085.942 1382855.656 1420027.654 1489504.425 1563674.672 1596939.443 1615539.068 1674795.564 1743887.908 1772495.183 1828475.61 1819435.79 1812600.756 1784152.292 1757282.665 1740312.141 1704184.362 1682172.232 1633558.032 1598304.284 1551105.532 1510484.793 1490619.19 1384677.885 1353149.957 1276709.342 1230874.639 1152730.517 1069826.937 978589.7078 945483.4189 852432.2261 746529.2042 635578.2449 486604.888 335161.9061 1605.983647 0 0 0 0 0 0 0 0 0 0 0 0 0 0 0 0 0 0 0 0 0 0 0 0 
0 0 0 0 0 0 0 0 0 0 0 0 0 0 0 0 0 0 0 0 0 0 0 0 681.359205 148988.7537 389199.1642 629345.2696 846055.2382 1043047.726 1248308.13 1440910.619 1571305.195 1722176.445 1847663.266 1948194.172 2056707.726 2177435.261 2280164.712 2359625.854 2505278.336 2575910.004 2643211.393 2716317.557 2789803.489 2871133.983 2958766.87 2982610.964 3053027.996 3095506.519 3098956.475 3079529.328 3025316.867 2987192.957 2956801.96 2907651.297 2875283.526 2797978.774 2755841.948 2650171.282 2550197.463 2471120.467 2370173.718 2268254.137 2172772.896 2072470.657 1958125.5 1802539.854 1725435.411 1583611.114 1431834.919 1287422.442 1097869.766 842696.3406 516499.1162 5190.984943 0 0 0 0 0 0 0 0 0 0 0 0 0 0 0 0 0 0 0 0 0 0 0 0 
0 0 0 0 0 0 0 0 0 0 0 0 0 0 0 0 0 0 0 0 0 0 0 0 18596.55224 400075.2061 764834.723 1058138.526 1322859.518 1592301.934 1774474.836 2000566.137 2153075.574 2347671.589 2469922.167 2632091.015 2767564.023 2897674.931 3021429.827 3187802.557 3265834.922 3368980.343 3482544.423 3582480.188 3681579.333 3713540.782 3784659.71 3876032.376 3939291.541 3991105.165 4010458.404 3952223.437 3899317.523 3877784.628 3792049.197 3751999.942 3709204.906 3594346.878 3511710.547 3400591.926 3309473.017 3164443.321 3060665.302 2921974.371 2823185.467 2647002.982 2542204.959 2396538.931 2231094.758 2039043.343 1835898.867 1642198.524 1359452.988 1073628.834 652000.7187 26114.33557 0 0 0 0 0 0 0 0 0 0 0 0 0 0 0 0 0 0 0 0 0 0 0 0 
0 0 0 0 0 0 0 0 0 0 0 0 0 0 0 0 0 0 0 0 0 0 0 0 7246.440389 581561.0605 1032203.985 1366865.405 1661056.614 1965612.108 2202440.645 2431195.214 2633015.402 2826072.584 2980357.199 3162415.265 3352541.092 3481205.76 3620707.993 3745625.991 3906340.295 4025360.227 4153122.076 4269151.637 4357444.094 4437833.425 4482764.907 4580491.891 4642778.794 4727187.567 4721651.845 4668193.972 4608220.376 4564970.151 4488041.068 4453215.679 4387744.493 4253043.741 4146055.812 4016984.539 3878084.974 3727365.951 3610028.235 3460483.848 3307127.187 3161616.698 3010190.813 2784792.355 2595386.935 2408244.749 2188852.431 1914757.854 1622615.08 1270250.982 769349.6837 45630.80804 0 0 0 0 0 0 0 0 0 0 0 0 0 0 0 0 0 0 0 0 0 0 0 0 
0 0 0 0 0 0 0 0 0 0 0 0 0 0 0 0 0 0 0 0 0 0 0 0 44759.52413 691238.9983 1209030.233 1591593.956 1961542.854 2274046.253 2528282.677 2805010.922 3029738.906 3248070.274 3454563.427 3610159.26 3786678.079 3974960.307 4133978.438 4303266.758 4437293.737 4602465.818 4751243.562 4872336.75 4957128.105 5044957.646 5121290.379 5200598.871 5280452.3 5333473.701 5360007.732 5322962.388 5234365.219 5132757 5062540.545 5008035.202 4933215.99 4830670.245 4685160.347 4553735.521 4388711.399 4247154.002 4090477.057 3913508.42 3737053.138 3557325.452 3394397.557 3170378.921 2938232.031 2725653.133 2470260.233 2171640.875 1847125.3 1413532.21 850012.9612 48562.11879 0 0 0 0 0 0 0 0 0 0 0 0 0 0 0 0 0 0 0 0 0 0 0 0 
0 0 0 0 0 0 0 0 0 0 0 0 0 0 0 0 0 0 0 0 0 0 0 0 49542.59474 837928.1573 1399948.507 1819446.995 2228425.2 2565413.881 2832112.286 3122884.307 3375713.624 3613859.285 3831059.394 4037049.007 4217765.42 4414237.252 4590127.57 4773544.089 4956171.62 5103602.654 5255831.883 5396296.911 5484862.049 5578288.181 5666646.81 5765536.963 5833614.627 5899056.072 5910758.159 5811299.768 5784131.273 5659634.307 5630204.871 5554571.988 5451822.606 5336496.726 5169558.3 5020073.218 4871185.244 4698187.668 4528958.641 4330846.779 4146919.816 3946715.798 3730388.466 3486959.613 3267396.063 3001101.819 2731116.078 2422631.125 2040413.091 1588816.086 983817.7708 52699.13435 0 0 0 0 0 0 0 0 0 0 0 0 0 0 0 0 0 0 0 0 0 0 0 0 
0 0 0 0 0 0 0 0 0 0 0 0 0 0 0 0 0 0 0 0 0 0 0 0 27727.48115 890303.7131 1543154.093 2042157.755 2426457.657 2787734.256 3126807.171 3411355.95 3697738.253 3919305.961 4169868.711 4401321.999 4607375.233 4808291.423 5000379.075 5196625.274 5384599.139 5570856.159 5710773.658 5867510.614 5965045.656 6051643.667 6169063.302 6242352.038 6346924.349 6427980.583 6429064.924 6357894.912 6278052.479 6194414.484 6125160.823 6016827.168 5947296.567 5777186.417 5656783.892 5450894.613 5267259.996 5119830.744 4893092.009 4700768.513 4488068.425 4294595.718 4059170.727 3801461.476 3549332.53 3273028.56 2947811.052 2605545.978 2244552.199 1739049.456 1056482.324 65697.48542 0 0 0 0 0 0 0 0 0 0 0 0 0 0 0 0 0 0 0 0 0 0 0 0 
0 0 0 0 0 0 0 0 0 0 0 0 0 0 0 0 0 0 0 0 0 0 0 0 56126.85135 910245.9539 1600663.811 2106396.328 2550970.959 2941499.713 3320773.942 3643504.698 3917738.059 4187425.867 4465254.996 4678714.8 4943131.698 5147263.741 5355062.356 5580398.765 5733444.215 5943818.307 6123228.608 6307355.031 6383661.093 6523566.649 6633515.081 6731317.812 6797679.76 6937400.062 6906064.592 6828219.325 6743801.595 6641241.82 6540019.38 6467885.828 6397842.617 6251381.657 6050301.585 5877747.327 5709889.047 5477863.306 5265563.415 5067790.428 4832532.518 4588298.672 4351790.45 4105617.178 3800003.661 3501244.054 3170275.192 2808569.075 2374335.186 1848411.137 1107577.841 75891.84343 0 0 0 0 0 0 0 0 0 0 0 0 0 0 0 0 0 0 0 0 0 0 0 0 
0 0 0 0 0 0 0 0 0 0 0 0 0 0 0 0 0 0 0 0 0 0 0 0 61590.56694 946810.2745 1617095.06 2119010.124 2556590.426 2968656.801 3328721.154 3625659.208 3915895.837 4198782.422 4452910.776 4711033.598 4914102.426 5165055.966 5355560.14 5563650.377 5780887.124 5953887.382 6112385.925 6288730.627 6394035.085 6518920.398 6605588.487 6708002.619 6811823.581 6883805.668 6917484.993 6805255.508 6744309.226 6667417.172 6558429.343 6474006.397 6372605.595 6211985.567 6082177.338 5850213.06 5683217.905 5465680.381 5267089.784 5077345.954 4852543.847 4585059.188 4365956.932 4085886.335 3809178.56 3500591.484 3158762.487 2804020.444 2382937.793 1859172.05 1099084.029 61049.99342 0 0 0 0 0 0 0 0 0 0 0 0 0 0 0 0 0 0 0 0 0 0 0 0 
0 0 0 0 0 0 0 0 0 0 0 0 0 0 0 0 0 0 0 0 0 0 0 0 36808.51357 914932.2267 1544416.207 2032158.947 2419530.377 2763521.894 3114835.914 3390238.447 3684880.983 3930952.035 4163949.434 4411433.827 4613791.939 4805327.201 5018722.605 5202034.029 5392007.131 5558397.576 5716072.454 5865357.779 5952187.788 6076242.679 6177447.327 6240570.341 6341045.836 6446534.578 6425254.499 6345564.384 6252146.347 6155933.966 6117649.834 6043526.821 5961019.955 5815073.821 5649263.234 5432526.497 5309947.53 5109881.277 4913213.106 4733292.91 4491350.511 4289241.834 4071185.869 3789957.297 3540959.497 3285180.922 2929781.588 2631693.886 2225734.996 1727375.97 1027087.61 29952.48895 0 0 0 0 0 0 0 0 0 0 0 0 0 0 0 0 0 0 0 0 0 0 0 0 
0 0 0 0 0 0 0 0 0 0 0 0 0 0 0 0 0 0 0 0 0 0 0 0 68582.99794 832848.034 1405189.977 1818648.834 2204718.506 2528031.085 2847541.306 3117301.771 3393607.028 3612230.602 3824389.84 4035168.34 4209515.287 4418122.362 4618091.019 4766420.959 4909654.696 5097371.67 5255381.728 5398183.083 5489148.406 5563484.186 5688039.242 5754473.411 5831208.661 5885163.318 5921120.154 5857502.82 5759032.662 5701508.421 5617475.971 5541864.958 5464140.734 5364523.54 5178769.815 5015704.208 4866431.412 4713550.632 4507122.375 4294917.732 4117225.228 3947383.684 3728687.736 3517410.08 3289791.179 2988354.536 2724708.101 2404660.857 2044417.475 1613454.755 975061.2091 68577.47291 0 0 0 0 0 0 0 0 0 0 0 0 0 0 0 0 0 0 0 0 0 0 0 0 
0 0 0 0 0 0 0 0 0 0 0 0 0 0 0 0 0 0 0 0 0 0 0 0 38789.49909 713901.8268 1223308.616 1615412.628 1952502.886 2258673.922 2526578.407 2813396.198 3012099.857 3242267.944 3439410.768 3597781.119 3814187.473 3974971.016 4142661.217 4283491.707 4415979.749 4597462.271 4753459.081 4867010.546 4961021.911 5055021.767 5131178.003 5212615.051 5292686.849 5339759.139 5332317.379 5275475.456 5212260.82 5144045.084 5101549.19 5024810.469 4931950.926 4843368.352 4711496.864 4560151.377 4410854.693 4259948.293 4103174.263 3910656.856 3756767.195 3575091.003 3386130.336 3189886.378 2952793.872 2732228.762 2471106.825 2168777.49 1835888.363 1416312.683 884597.9394 39902.53365 0 0 0 0 0 0 0 0 0 0 0 0 0 0 0 0 0 0 0 0 0 0 0 0 
0 0 0 0 0 0 0 0 0 0 0 0 0 0 0 0 0 0 0 0 0 0 0 0 48992.00157 615155.2014 1006473.364 1365434.262 1658109.88 1956959.099 2176407.579 2397951.138 2632507.078 2801865.269 3003654.625 3166570.063 3347389.008 3489362.623 3630952.493 3799866.943 3877476.634 4021272.639 4156961.72 4280571.903 4361007.227 4433634.282 4515155.923 4583945.343 4648941.933 4733450.18 4719949.841 4687005.684 4594809.194 4555374.142 4494117.534 4428425.12 4362987.35 4269087.649 4128942.781 4001780.021 3886090.262 3746375.179 3599530.724 3468828.08 3307496.923 3158496.771 2972328.469 2808756.486 2610738.172 2392050.513 2184868.581 1923805.684 1622775.971 1256842.149 768221.4328 35662.27422 0 0 0 0 0 0 0 0 0 0 0 0 0 0 0 0 0 0 0 0 0 0 0 0 
0 0 0 0 0 0 0 0 0 0 0 0 0 0 0 0 0 0 0 0 0 0 0 0 22607.35421 440592.4571 754374.0193 1066698.202 1313475.208 1582375.321 1790533.512 2018163.755 2176567.626 2329765.643 2475306.284 2616540.388 2761486.706 2886923.691 2992459.245 3131075.882 3260132.281 3357321.259 3478932.784 3579772.91 3665126.035 3727128.929 3806396.746 3889985.167 3923452.367 4001438.325 3978750.564 3969324.79 3910483.424 3844063.755 3825011.882 3757260.072 3701352.192 3603287.094 3504687.522 3390456.562 3288347.462 3178707.052 3050007.904 2934246.624 2829633.378 2670928.093 2519218.219 2383815.053 2212485.045 2018673.537 1843461.343 1619026.196 1372540.121 1074681.391 629135.4119 33198.72374 0 0 0 0 0 0 0 0 0 0 0 0 0 0 0 0 0 0 0 0 0 0 0 0 
0 0 0 0 0 0 0 0 0 0 0 0 0 0 0 0 0 0 0 0 0 0 0 0 0 176529.9115 400750.2547 600640.4583 831065.1728 1066553.135 1255070.678 1427043.429 1578230.526 1715640.962 1820104.917 1976832.422 2065455.831 2176659.781 2254706.34 2397020.923 2453288.878 2551337.318 2636808.078 2734404.837 2803642.587 2868591.587 2934220.078 2979248.292 3076492.362 3083579.343 3084411.989 3079014.085 3005306.37 2988615.512 2950732.603 2886820.883 2881917.248 2817793.359 2718515.863 2629065.138 2537899.203 2474795.805 2380255.24 2294881.319 2185912.724 2069993.895 1954380.426 1843270.743 1697132.477 1609966.857 1433101.383 1268343.782 1074629.878 854515.7183 495010.6423 68313.35082 0 0 0 0 0 0 0 0 0 0 0 0 0 0 0 0 0 0 0 0 0 0 0 0 
0 0 0 0 0 0 0 0 0 0 0 0 0 0 0 0 0 0 0 0 0 0 0 0 0 0 38112.39603 151434.2619 305601.3509 456481.6627 588472.5211 736214.3073 832191.8067 921125.3339 990286.2116 1065866.146 1158090.568 1201537.368 1268875.093 1312705.161 1404443.669 1443426.491 1510020.29 1545042.251 1614604.755 1631186.26 1705506.564 1753959.133 1794581.596 1818492.236 1807963.426 1797294.676 1785869.731 1769288.261 1749587.629 1719452.691 1682862.533 1643840.216 1616698.565 1544052.877 1503385.888 1454644.259 1385425.974 1340241.304 1280315.691 1252572.872 1152216.621 1098601.123 1044748.14 911330.8303 863357.7985 758463.5291 650778.9584 502494.121 303113.208 10397.17485 0 0 0 0 0 0 0 0 0 0 0 0 0 0 0 0 0 0 0 0 0 0 0 0 
0 0 0 0 0 0 0 0 0 0 0 0 0 0 0 0 0 0 0 0 0 0 0 0 0 0 0 0 0 0 3844.677628 16864.94247 22549.14536 8066.892777 43060.20145 6244.351226 6676.819489 43500.62617 10547.01965 13442.55863 56455.94279 65496.88207 41307.91169 7470.155882 34196.34782 42950.11806 63112.07674 65878.77097 64005.33166 28432.74507 48226.6616 38906.70548 53836.36176 54379.64035 11855.09885 57059.80958 20541.15701 41486.81495 34204.63571 60809.85729 34207.72539 60575.79854 60344.29876 49275.43344 66471.11327 16396.80886 35597.98785 37478.2167 22300.50108 36512.2099 10165.68087 36686.41376 20935.64548 34887.97954 8566.294651 0 0 0 0 0 0 0 0 0 0 0 0 0 0 0 0 0 0 0 0 0 0 0 0 0 
0 0 0 0 0 0 0 0 0 0 0 0 0 0 0 0 0 0 0 0 0 0 0 0 0 0 0 0 0 0 0 0 0 0 0 0 0 0 0 0 0 0 0 0 0 0 0 0 0 0 0 0 0 0 0 0 0 0 0 0 0 0 0 0 0 0 0 0 0 0 0 0 0 0 0 0 0 0 0 0 0 0 0 0 0 0 0 0 0 0 0 0 0 0 0 0 0 0 0 0 
# Events [source_divergence_check/divsource.dat] N:
0 0 0 0 0 0 0 0 0 0 0 0 0 0 0 0 0 0 0 0 0 0 0 0 0 0 0 0 0 0 0 0 0 0 0 0 0 0 0 0 0 0 0 0 0 0 0 0 0 0 0 0 0 0 0 0 0 0 0 0 0 0 0 0 0 0 0 0 0 0 0 0 0 0 0 0 0 0 0 0 0 0 0 0 0 0 0 0 0 0 0 0 0 0 0 0 0 0 0 0 
0 0 0 0 0 0 0 0 0 0 0 0 0 0 0 0 0 0 0 0 0 0 0 0 0 0 0 0 0 1 2 2 2 6 7 9 6 9 9 9 13 13 18 13 23 17 21 20 20 20 22 24 12 9 22 16 30 21 20 20 10 12 9 12 11 11 5 3 5 7 7 5 6 2 1 0 0 0 0 0 0 0 0 0 0 0 0 0 0 0 0 0 0 0 0 0 0 0 0 0 
0 0 0 0 0 0 0 0 0 0 0 0 0 0 0 0 0 0 0 0 0 0 0 0 0 0 5 128 688 1803 3160 4478 5854 7105 8642 9877 11084 12484 13763 15217 16666 17589 19197 20422 21839 22946 24427 25993 26589 28211 28467 27949 27390 26763 25857 25000 24377 23530 22064 20889 19394 18458 16594 15509 14172 12849 11239 9956 8741 7565 6232 4783 3438 2082 781 3 0 0 0 0 0 0 0 0 0 0 0 0 0 0 0 0 0 0 0 0 0 0 0 0 
0 0 0 0 0 0 0 0 0 0 0 0 0 0 0 0 0 0 0 0 0 0 0 0 1 215 1270 3311 6206 9714 13714 17496 21377 25251 29214 33099 36722 40370 44214 47865 52904 56104 60012 63594 66868 70897 74253 76506 79620 82722 82748 80837 78780 76723 74796 72463 70197 67836 64056 59789 56187 52472 48292 44533 40549 36696 32999 28875 25291 21626 17659 13819 9967 6007 2201 8 0 0 0 0 0 0 0 0 0 0 0 0 0 0 0 0 0 0 0 0 0 0 0 0 
0 0 0 0 0 0 0 0 0 0 0 0 0 0 0 0 0 0 0 0 0 0 0 0 6 1484 5023 9473 15055 21166 27198 33710 40353 46799 53003 59133 65560 72039 78712 85126 91277 97436 103618 109542 115274 119132 123922 128565 131735 136169 136887 133710 129635 127100 123658 120632 117187 111763 105997 98744 92564 86498 79972 73764 67389 60960 54341 48403 42307 35524 28880 22580 16475 10093 3606 17 0 0 0 0 0 0 0 0 0 0 0 0 0 0 0 0 0 0 0 0 0 0 0 0 
0 0 0 0 0 0 0 0 0 0 0 0 0 0 0 0 0 0 0 0 0 0 0 0 4 2962 8871 15985 23905 32263 41359 50660 59192 67737 76223 85525 94886 103199 112698 121093 130406 139122 148056 155777 163351 168403 173427 179785 185528 190508 190621 185975 181528 177564 172127 168063 162785 155826 147911 138728 129017 120256 111823 103283 94113 84994 75917 66792 58172 49416 40680 31507 22765 13916 5058 32 0 0 0 0 0 0 0 0 0 0 0 0 0 0 0 0 0 0 0 0 0 0 0 0 
0 0 0 0 0 0 0 0 0 0 0 0 0 0 0 0 0 0 0 0 0 0 0 0 18 4365 12772 22431 32718 44032 55116 66623 78276 89573 101122 112161 123169 135331 145709 158087 168939 180431 191707 201292 209853 217011 223982 230915 238429 244921 244987 239174 232483 227400 221166 215341 209191 199546 188162 177237 166503 154682 142832 132080 119922 108966 97013 85927 74436 63685 51839 40621 29076 17694 6362 23 0 0 0 0 0 0 0 0 0 0 0 0 0 0 0 0 0 0 0 0 0 0 0 0 
0 0 0 0 0 0 0 0 0 0 0 0 0 0 0 0 0 0 0 0 0 0 0 0 13 5798 16697 28861 41764 56068 69459 83195 96990 110729 124534 139168 152899 166654 180345 193430 208127 222143 235543 247811 256734 266920 273955 282979 289553 298409 298755 291504 284460 276820 271040 262960 255049 243799 230364 216291 203184 188827 175196 160708 147081 132439 118391 105349 91546 77190 63609 49638 35689 21751 7903 27 0 0 0 0 0 0 0 0 0 0 0 0 0 0 0 0 0 0 0 0 0 0 0 0 
0 0 0 0 0 0 0 0 0 0 0 0 0 0 0 0 0 0 0 0 0 0 0 0 21 7002 20589 34988 50709 67149 83223 99899 116479 132112 148110 164852 181429 198128 214594 231243 247093 263734 279076 294854 304233 314694 323877 333400 343157 352648 352711 344215 336349 327102 318718 309529 301233 287231 272139 255748 238999 222743 205844 189273 173083 157023 140980 124262 107867 91493 74875 58270 42197 25742 9170 38 0 0 0 0 0 0 0 0 0 0 0 0 0 0 0 0 0 0 0 0 0 0 0 0 
0 0 0 0 0 0 0 0 0 0 0 0 0 0 0 0 0 0 0 0 0 0 0 0 23 7301 22311 38369 56342 75032 94280 113237 131820 150427 169715 187989 208180 224807 245155 264033 282057 301962 319390 337863 350151 362262 373285 384209 395971 405708 406440 396524 386389 377873 366050 356264 346647 332190 312913 293413 274535 256387 236557 218192 199015 180748 162100 142880 123837 105385 86164 67902 48719 29442 10569 37 0 0 0 0 0 0 0 0 0 0 0 0 0 0 0 0 0 0 0 0 0 0 0 0 
0 0 0 0 0 0 0 0 0 0 0 0 0 0 0 0 0 0 0 0 0 0 0 0 28 7499 21937 38570 56179 75145 94300 112902 131831 151498 169319 187945 206783 226197 245218 263907 283217 301539 320335 337763 349013 360422 373122 384003 395815 406360 406423 396931 387513 376756 366153 356814 346733 331038 313500 292986 275655 255998 236217 218524 199794 180562 161680 142202 124316 105094 86356 67295 48535 29653 10778 38 0 0 0 0 0 0 0 0 0 0 0 0 0 0 0 0 0 0 0 0 0 0 0 0 
0 0 0 0 0 0 0 0 0 0 0 0 0 0 0 0 0 0 0 0 0 0 0 0 22 7147 20448 35067 50404 66138 83341 99403 116168 131676 148455 165450 181978 198138 214423 230845 247342 263284 279445 293614 304142 313806 324144 334472 342765 352749 352636 343745 335812 326602 318706 310259 301148 287879 271486 254680 239255 222905 205846 189895 173420 156907 140435 123281 107243 91276 74428 59024 42134 25776 9533 24 0 0 0 0 0 0 0 0 0 0 0 0 0 0 0 0 0 0 0 0 0 0 0 0 
0 0 0 0 0 0 0 0 0 0 0 0 0 0 0 0 0 0 0 0 0 0 0 0 31 5798 16740 28705 41753 55427 69707 83088 96844 111346 124922 138365 152883 166595 179941 194062 208178 221548 235400 248385 256897 264925 274533 282316 290327 298112 300018 292318 283064 276869 269303 262690 256235 243171 230053 215441 202112 188413 174555 160354 145765 133251 118785 104834 91601 76977 63548 49511 35543 21972 7891 34 0 0 0 0 0 0 0 0 0 0 0 0 0 0 0 0 0 0 0 0 0 0 0 0 
0 0 0 0 0 0 0 0 0 0 0 0 0 0 0 0 0 0 0 0 0 0 0 0 21 4340 12859 22177 32771 43901 55611 66568 78287 89965 101182 111786 123493 135771 146626 157326 168608 179087 192254 201670 209801 216718 224051 231392 238761 243710 244454 239052 232708 227288 220585 215030 208748 200241 188459 177134 165167 154647 143181 131315 119993 108514 97410 86253 74793 63703 52037 40442 29376 17817 6508 31 0 0 0 0 0 0 0 0 0 0 0 0 0 0 0 0 0 0 0 0 0 0 0 0 
0 0 0 0 0 0 0 0 0 0 0 0 0 0 0 0 0 0 0 0 0 0 0 0 13 2903 8884 15803 23969 32667 41524 50060 58848 67986 76911 86018 94385 103764 112545 121683 129522 139182 148065 156338 161770 167699 173677 179985 185397 190812 190802 186755 180780 177206 172374 167488 163097 155863 147031 138264 128967 120546 110751 102384 93722 84842 75813 67009 58184 49305 40819 31511 22683 13796 4979 19 0 0 0 0 0 0 0 0 0 0 0 0 0 0 0 0 0 0 0 0 0 0 0 0 
0 0 0 0 0 0 0 0 0 0 0 0 0 0 0 0 0 0 0 0 0 0 0 0 7 1501 5008 9562 15020 21095 27198 34014 40298 46427 52955 59364 65577 71818 78145 84630 90960 97138 103453 109510 114581 119595 123792 129071 132646 136626 136768 133998 130232 127289 124657 120465 117040 111831 105208 99059 92734 86472 80086 73802 67644 61022 54743 47823 41695 35251 28936 22240 16318 9950 3579 15 0 0 0 0 0 0 0 0 0 0 0 0 0 0 0 0 0 0 0 0 0 0 0 0 
0 0 0 0 0 0 0 0 0 0 0 0 0 0 0 0 0 0 0 0 0 0 0 0 0 227 1317 3253 6120 9751 13598 17387 21549 25354 28695 33023 36681 40496 44426 48607 52233 56131 60200 63481 67468 71031 73585 76349 79963 81900 82345 80886 78268 77087 75052 72352 70776 67772 63320 59532 56347 52395 47994 44712 40575 36688 33063 29245 25152 21764 17463 13646 9957 6023 2119 15 0 0 0 0 0 0 0 0 0 0 0 0 0 0 0 0 0 0 0 0 0 0 0 0 
0 0 0 0 0 0 0 0 0 0 0 0 0 0 0 0 0 0 0 0 0 0 0 0 0 0 5 172 743 1822 3104 4531 5819 7337 8527 9990 11267 12340 13835 15150 16687 17919 19378 20175 21923 23137 24588 25601 27140 27998 28615 27735 27448 26759 25769 25271 24697 23562 22159 20775 19490 18277 16829 15545 14112 13014 11478 9996 8960 7430 6059 4822 3372 2090 774 1 0 0 0 0 0 0 0 0 0 0 0 0 0 0 0 0 0 0 0 0 0 0 0 0 
0 0 0 0 0 0 0 0 0 0 0 0 0 0 0 0 0 0 0 0 0 0 0 0 0 0 0 0 0 0 2 3 4 3 5 6 5 8 8 10 15 17 16 16 19 20 17 31 23 19 17 17 19 20 19 27 19 22 20 14 10 14 12 16 8 11 9 11 8 9 3 5 2 3 2 0 0 0 0 0 0 0 0 0 0 0 0 0 0 0 0 0 0 0 0 0 0 0 0 0 
0 0 0 0 0 0 0 0 0 0 0 0 0 0 0 0 0 0 0 0 0 0 0 0 0 0 0 0 0 0 0 0 0 0 0 0 0 0 0 0 0 0 0 0 0 0 0 0 0 0 0 0 0 0 0 0 0 0 0 0 0 0 0 0 0 0 0 0 0 0 0 0 0 0 0 0 0 0 0 0 0 0 0 0 0 0 0 0 0 0 0 0 0 0 0 0 0 0 0 0 
