# Format: McCode with text headers
# URL: http://www.mccode.org
# Creator: 
# Instrument: BOA_beamline_monitors.instr
# Ncount: 25000000
# Trace: no
# Gravitation: no
# Seed: 1000
# Directory: BOA_1-9AA_1e8/1
# Nodes: 8
# Param: flagin=1
# Param: trompete_exit_slit_width=0.04
# Param: trompete_exit_slit_height=0.04
# Param: Lmin=1
# Param: Lmax=9
# Param: threshold=1e-12
# Date: Wed Jan  4 16:02:59 2023 (1672844579)
# type: array_1d(200)
# Source: BOA_RNR51 (BOA_beamline_monitors.instr)
# component: divX_trompete_exit_slit
# position: -0.0145 0 8.63862
# title: Horizontal divergence monitor
# Ncount: 200000000
# filename: divX_trompete_exit_slit.dat
# statistics: X0=0.0217332; dX=0.479748;
# signal: Min=0; Max=5.74866e+07; Mean=8.32631e+06;
# values: 1.66526e+09 2.58785e+06 1.75088e+06
# xvar: divergence
# yvar: (I,I_err)
# xlabel: horizontal divergence [deg]
# ylabel: Intensity
# xlimits: -3 3
# variables: divergence I I_err N
-2.985 0 0 0 
-2.955 0 0 0 
-2.925 0 0 0 
-2.895 0 0 0 
-2.865 0 0 0 
-2.835 0 0 0 
-2.805 0 0 0 
-2.775 0 0 0 
-2.745 0 0 0 
-2.715 0 0 0 
-2.685 3.050323818e-11 1.531071125e-11 6 
-2.655 8.413127271e-09 7.446687659e-09 17 
-2.625 2.923310846e-08 2.923310846e-08 1 
-2.595 0.000525496125 0.000181741685 114 
-2.565 0.001939259367 0.0009120711748 126 
-2.535 0 0 0 
-2.505 0 0 0 
-2.475 2.497603382 1.290808588 30 
-2.445 5.728690981 3.094347925 11 
-2.415 0 0 0 
-2.385 0 0 0 
-2.355 0 0 0 
-2.325 0 0 0 
-2.295 7.576687256e-12 4.516691022e-12 3 
-2.265 4.609345381e-09 1.820119065e-09 37 
-2.235 2.264131827e-07 9.353486067e-08 84 
-2.205 0.0001221667158 8.431827469e-05 86 
-2.175 0.01047598556 0.002833636846 211 
-2.145 0.1951025407 0.03108324945 486 
-2.115 0.93812343 0.1311435587 592 
-2.085 3.170952625 0.4025627083 679 
-2.055 99.28555449 15.64058109 913 
-2.025 848.3873 63.2522533 1584 
-1.995 3497.677671 163.2510802 2357 
-1.965 6911.976346 264.0119968 2902 
-1.935 10185.86372 348.2472146 2954 
-1.905 13114.78316 430.0652855 3078 
-1.875 28453.65615 826.7946527 3991 
-1.845 61644.72554 1441.577068 5139 
-1.815 101759.7784 2022.227431 6060 
-1.785 138710.4275 2547.007412 6417 
-1.755 176914.0068 3044.810864 6891 
-1.725 234091.5683 3703.258805 7960 
-1.695 341015.4544 4844.7502 9373 
-1.665 452622.752 5958.76658 10469 
-1.635 555952.7091 7033.091647 10803 
-1.605 733998.2167 8739.701843 11815 
-1.575 908780.6924 10322.04993 12665 
-1.545 1100631.277 11982.07064 13529 
-1.515 1253936.853 13473.33871 13365 
-1.485 1250840.312 14076.4387 11935 
-1.455 1454356.778 16314.68853 11911 
-1.425 1757614.567 19287.85812 12468 
-1.395 2082412.976 22198.89018 13012 
-1.365 2098622.475 23313.79821 11846 
-1.335 2001574.341 23818.11992 10190 
-1.305 2167496.089 26832.49251 9352 
-1.275 2596106.481 31828.31827 9772 
-1.245 3116007.85 36995.74738 10334 
-1.215 3222225.146 38775.4938 10191 
-1.185 3457813.035 43266.16727 9662 
-1.155 3690307.435 47957.52135 9058 
-1.125 3650243.042 50690.38605 7952 
-1.095 3575721.389 52827.95956 7110 
-1.065 4113189.174 60862.99766 7408 
-1.035 4654414.993 69938.38177 7318 
-1.005 4595568.378 73611.81193 6691 
-0.975 4857837.888 79229.66108 7166 
-0.945 5667536.596 92055.62532 7662 
-0.915 5802572.894 96901.18008 7795 
-0.885 5980970.245 100867.8754 7965 
-0.855 6543412.232 105834.4983 8852 
-0.825 6346334.206 106158.8522 8903 
-0.795 5402115.67 96279.82521 8345 
-0.765 5542387.885 101154.5304 8030 
-0.735 4654009.975 98160.36147 6574 
-0.705 2772132.106 63743.23602 4832 
-0.675 2827084.421 51593.51073 4815 
-0.645 4258797.41 65443.74775 6765 
-0.615 5903915.418 80427.3955 8942 
-0.585 7144406.161 92392.32162 10005 
-0.555 9030469.31 110747.6277 11665 
-0.525 11345462.42 132050.1557 13285 
-0.495 13781722.57 156377.1613 14543 
-0.465 17197897.45 179499.8422 17043 
-0.435 19095949.75 195621.5283 18085 
-0.405 21141623.81 215338.9959 18398 
-0.375 24762414.19 244529.8948 20071 
-0.345 28228612.71 271481.5874 21925 
-0.315 33454507.73 313824.6995 24283 
-0.285 37707298.53 347144.6834 26301 
-0.255 41397602.71 377494.2761 28052 
-0.225 45839715.42 420798.3889 29278 
-0.195 49438548.26 477067.2653 28964 
-0.165 51346310.19 512101.5843 28955 
-0.135 53315597.64 548261.202 28658 
-0.105 54425431.34 574776.9274 28168 
-0.075 56405862.54 603922.752 28273 
-0.045 56144253.96 609296.8587 27887 
-0.015 57012435.2 624476.1423 27656 
0.015 57486623.23 619787.2195 27846 
0.045 56566528.71 623213.7752 27330 
0.075 55006392.27 612383.8144 26718 
0.105 54243559.01 598947.1379 26616 
0.135 51736124.3 561048.1366 26150 
0.165 49343150 518192.8519 26400 
0.195 47967806.55 494687.187 26483 
0.225 44696320.24 444920.1245 26566 
0.255 41031502.86 401473.9729 25718 
0.285 36840648.71 360236.3959 24273 
0.315 32820529.86 323436.2208 22914 
0.345 29177674.59 291286.2062 21589 
0.375 24905699.63 251128.6049 20014 
0.405 22253809.46 229203.9792 18788 
0.435 21697314.33 219328.6473 19289 
0.465 19771043.4 203305.8571 18662 
0.495 16792134.91 178104.0263 17275 
0.525 14638963.81 156615.7355 16569 
0.555 12267269.77 134208.6464 15367 
0.585 10145534.7 113825.1962 14105 
0.615 9130903.03 103094.4157 13552 
0.645 7705548.203 89337.76906 12572 
0.675 6240137.943 79652.21718 10688 
0.705 6321043.67 98574.36631 9999 
0.735 5953973.241 93595.10459 9571 
0.765 6429042.613 96717.37085 10016 
0.795 6649979.604 102640.1775 9846 
0.825 6522288.233 100881.5005 9300 
0.855 6956103.392 102980.2923 9358 
0.885 7271403.589 104893.7166 9503 
0.915 7152741.034 100770.2864 9413 
0.945 6880201.546 92929.09925 9777 
0.975 6632569.503 87196.45274 9691 
1.005 6212101.633 79933.91628 9633 
1.035 6521993.181 77276.60829 11122 
1.065 6480795.444 73495.40259 11880 
1.095 5592828.101 65673.57651 10884 
1.125 4690701.346 56883.79515 10124 
1.155 4481327.659 51904.6527 11203 
1.185 4327732.415 47667.4417 12209 
1.215 3896618.171 41891.40864 12396 
1.245 3365486.787 37700.13653 10996 
1.275 2369749.478 31055.58338 7982 
1.305 1581688.997 23749.79151 6323 
1.335 1431535.585 19361.19142 8043 
1.365 1922072.947 20999.00207 12004 
1.395 2450550.24 23238.62998 16006 
1.425 1923821.872 20042.53492 13227 
1.455 1269612.647 15380.83009 10091 
1.485 979772.7696 12213.34852 9814 
1.515 1103214.399 12270.85915 12603 
1.545 1097784.396 11499.4641 14363 
1.575 1009364.502 10479.57485 14723 
1.605 812311.1136 8974.571107 13583 
1.635 597086.7954 7133.406513 12127 
1.665 504861.4099 6114.670675 12265 
1.695 372079.5105 5046.21297 9955 
1.725 146255.5218 2891.099521 4975 
1.755 103865.5032 2259.490331 4397 
1.785 111821.7732 2124.416688 6244 
1.815 135112.2399 2132.763116 9896 
1.845 98634.43008 1693.072453 9049 
1.875 47265.8874 1107.053157 4954 
1.905 18.93623516 14.08367575 5 
1.935 0 0 0 
1.965 1860.607854 102.454919 1848 
1.995 2946.964553 124.4696375 3329 
2.025 631.6224492 46.25903689 1349 
2.055 61.30050148 10.42014655 211 
2.085 0 0 0 
2.115 0 0 0 
2.145 0.005932495978 0.003571160563 15 
2.175 0 0 0 
2.205 0 0 0 
2.235 0 0 0 
2.265 0 0 0 
2.295 0 0 0 
2.325 0 0 0 
2.355 0 0 0 
2.385 0 0 0 
2.415 0 0 0 
2.445 0 0 0 
2.475 0 0 0 
2.505 0 0 0 
2.535 0 0 0 
2.565 0 0 0 
2.595 0 0 0 
2.625 0 0 0 
2.655 0 0 0 
2.685 0 0 0 
2.715 0 0 0 
2.745 0 0 0 
2.775 0 0 0 
2.805 0 0 0 
2.835 0 0 0 
2.865 0 0 0 
2.895 0 0 0 
2.925 0 0 0 
2.955 0 0 0 
2.985 0 0 0 
