# Format: McCode with text headers
# URL: http://www.mccode.org
# Creator: 
# Instrument: BOA_beamline_monitors.instr
# Ncount: 25000000
# Trace: no
# Gravitation: no
# Seed: 1000
# Directory: BOA_1-9AA_1e8/1
# Nodes: 8
# Param: flagin=1
# Param: trompete_exit_slit_width=0.04
# Param: trompete_exit_slit_height=0.04
# Param: Lmin=1
# Param: Lmax=9
# Param: threshold=1e-12
# Date: Wed Jan  4 16:02:57 2023 (1672844577)
# type: array_2d(100, 20)
# Source: BOA_RNR51 (BOA_beamline_monitors.instr)
# component: divergence_behind_zapfen_unit
# position: 0 0 2.0486
# title: Divergence monitor
# Ncount: 200000000
# filename: divzapfen.dat
# statistics: X0=0.0331093; dX=1.02854; Y0=-1.38772e-05; dY=1.63851;
# signal: Min=0; Max=2.33008e+09; Mean=2.85481e+08;
# values: 5.70962e+11 1.05389e+08 9.49043e+07
# xvar: X 
# yvar: Y 
# xlabel: X divergence [deg]
# ylabel: Y divergence [deg]
# zvar: I
# zlabel: Signal per bin
# xylimits: -5 5 -5 5
# variables: I I_err N
# Data [divergence_behind_zapfen_unit/divzapfen.dat] I:
0 0 0 0 0 0 0 0 0 0 0 0 0 0 0 0 0 0 0 0 0 0 0 0 0 0 0 0 0 0 0 0 0 0 0 0 0 0 0 0 0 0 0 0 0 0 0 0 0 0 0 0 0 0 0 0 0 0 0 0 0 0 0 0 0 0 0 0 0 0 0 0 0 0 0 0 0 0 0 0 0 0 0 0 0 0 0 0 0 0 0 0 0 0 0 0 0 0 0 0 
0 0 0 0 0 0 0 0 0 0 0 0 0 0 0 0 0 0 0 0 0 0 0 0 0 0 0 0 0 3839.3384 3446.666947 4823.683972 2926.154934 42874.52971 90605.37242 93426.94384 43359.68396 42715.11401 47973.28813 76651.47741 84930.97564 83795.23364 72696.91537 66396.00916 120584.5102 111665.891 151526.0186 150950.8049 171006.5458 185017.2258 115716.141 159813.9458 72471.63133 47288.14134 80623.0839 169912.134 235315.8799 132926.7064 139682.0131 148813.051 83861.95161 40201.88432 81466.00535 55193.23706 88840.72762 88475.23875 74472.8321 36310.95268 10711.61587 56632.49081 49431.73202 9356.685863 42117.599 17284.78425 343.7938108 0 0 0 0 0 0 0 0 0 0 0 0 0 0 0 0 0 0 0 0 0 0 0 0 0 
0 0 0 0 0 0 0 0 0 0 0 0 0 0 0 0 0 0 0 0 0 0 0 0 0 0 23520.70798 819989.6892 3852484.031 10744156.28 18572335.43 27136581.36 35856922.96 42007142.57 52801985.9 57915732.65 68248452.85 75490592.34 81073095.55 93573598.39 99617089.08 104375002.4 114786969.9 124048466.8 131363941.9 135336760.7 145902793.6 156443287.9 160824321.9 171142106.4 170618925 169782201.2 165292645.7 160757681.7 158202151.3 152207381 146711427.6 138542426.2 132186524 125192203 117657170.2 113470069.3 99321112.34 93754680.86 84493808.8 77843584.59 68175086.02 59663983.34 50175109.68 45606617.14 37325659.57 28785767.96 20812849.08 12152871.94 5204836.984 2713.619362 0 0 0 0 0 0 0 0 0 0 0 0 0 0 0 0 0 0 0 0 0 0 0 0 
0 0 0 0 0 0 0 0 0 0 0 0 0 0 0 0 0 0 0 0 0 0 0 0 681.359205 1180443.801 7601115.683 20171744.88 37065325.58 56841548.29 81075268.56 106583053.6 127616433.8 152317013.5 176112252.1 196803265.7 219500494.8 244231291.1 266212745.2 286731368.7 321367442.8 338945514.6 359743708.9 380941597.7 401154965.2 426790062.5 450816461.1 461021166.5 480303265 495189288.5 495496030.6 489425308.1 475284998.8 464431211.2 456128682.4 443154861 427862221.2 403512869.5 388900037.3 360921681.4 336113035.5 314467871.5 289815673.5 266379481.6 242389662.2 220760682.3 197778651.5 169657210.2 151565883.1 129218028.8 105829257.3 83983379.34 61056858.46 36411231.03 13515584.34 12271.70092 0 0 0 0 0 0 0 0 0 0 0 0 0 0 0 0 0 0 0 0 0 0 0 0 
0 0 0 0 0 0 0 0 0 0 0 0 0 0 0 0 0 0 0 0 0 0 0 0 31812.00621 8628022.181 30286076.25 57001808.78 89944441.7 129065253.9 162512388.7 204789411.2 239332437.4 282617860.2 315965144.7 354617823.1 394732555.1 432611623.4 471847941.1 518850628.5 547921589.1 585044188.5 624108556.9 661710505.9 701985229.9 716692087.2 745558002.6 777399023.6 798745307.2 821795451 826698171.6 808346529.3 787076045.9 777290523.9 751155492.2 738817702 715026359.9 667420712.8 635885670.7 593865655.4 560593855 516791651.7 481622904.9 440590662.1 407994139.9 363121149.4 328952638.3 293651301.8 255091330.1 213742075.2 172675991.8 137021237.1 97058537.12 60015485.2 21744908.39 56235.65291 0 0 0 0 0 0 0 0 0 0 0 0 0 0 0 0 0 0 0 0 0 0 0 0 
0 0 0 0 0 0 0 0 0 0 0 0 0 0 0 0 0 0 0 0 0 0 0 0 10119.96096 17606903.96 53962950.32 95983793.01 142599467.7 196060856.3 248754859.9 304689700.2 356995715 409825585.5 456929834.7 515614560.9 574210948.2 622332013.8 675823840.8 723868423.2 784823298.5 834997371.4 888571447.3 942733903.5 988558583.4 1023505731 1043165539 1086071598 1116210325 1148372504 1144647756 1125839941 1100197083 1082241037 1047652486 1035205079 995164502 932137727.4 885217672.5 831129343.6 773599814.9 719300668.6 670149138.5 619165699.7 564609620.8 512883149.4 460924723.2 400159853.4 347901682.5 297692924.5 246553820.9 189069556.2 136182212.3 83159977.2 30249717.6 137015.2484 0 0 0 0 0 0 0 0 0 0 0 0 0 0 0 0 0 0 0 0 0 0 0 0 
0 0 0 0 0 0 0 0 0 0 0 0 0 0 0 0 0 0 0 0 0 0 0 0 106461.4573 25158646.2 75366645.94 132081467.5 196805739.4 266385735.2 330614137.1 402921142.3 471487762.7 539725727.3 611659443.4 672400842.1 737804265.6 813802919.9 877191068.4 951410290 1013245735 1085085534 1157562517 1223835237 1278507334 1322439451 1358997025 1398966043 1438354546 1462243518 1466730263 1445211405 1403347252 1361580572 1330967208 1301978473 1256508079 1196087121 1130329922 1066595939 994732685.2 928257637.4 860440611.3 790915254.1 721090601.2 651998227.4 589445871.8 516042252.4 444071608.5 382557478.5 313082318 242300452.6 174776367.7 103793677.3 37648821.87 117974.127 0 0 0 0 0 0 0 0 0 0 0 0 0 0 0 0 0 0 0 0 0 0 0 0 
0 0 0 0 0 0 0 0 0 0 0 0 0 0 0 0 0 0 0 0 0 0 0 0 116887.1487 35601450.37 100707677.1 171691060 254168194.8 337985109.4 414812389.6 500784694 583901749.4 667838955.8 751774050 838094847.2 918643598.9 1003314499 1081982835 1168889843 1257894322 1336017557 1419393235 1506125234 1567414504 1620029065 1661841185 1709275205 1735285854 1765940585 1766708679 1717489604 1696600058 1635782028 1614487397 1574954349 1512854653 1449683871 1369738566 1294728874 1218448917 1135466735 1052623301 966113443.5 884672505.6 799664489.7 713145178.1 628590322.2 549957057.8 464943089.9 383184156.4 299338100.7 215111116.5 130527822.4 49175990.29 161886.9007 0 0 0 0 0 0 0 0 0 0 0 0 0 0 0 0 0 0 0 0 0 0 0 0 
0 0 0 0 0 0 0 0 0 0 0 0 0 0 0 0 0 0 0 0 0 0 0 0 86854.92427 41479143.74 123137075.4 212769578.2 303449226 402276114.6 502207356.4 599034942.1 702011477.3 790404547.7 892471425.9 994646122.5 1090581377 1189134727 1289286461 1387777859 1487963210 1594115873 1677299497 1782236722 1850964319 1898624675 1950292050 1984923778 2027494592 2057092808 2048328669 2005480319 1963288007 1909852227 1871386447 1809843024 1761570948 1671213067 1608691724 1512173917 1419566654 1339986681 1233868155 1136907801 1039082377 946775165.1 847934769.2 744361485 647712878.1 551126186.8 448508396.7 348196691.3 257786035.5 155251652.8 56348661.46 230437.9879 0 0 0 0 0 0 0 0 0 0 0 0 0 0 0 0 0 0 0 0 0 0 0 0 
0 0 0 0 0 0 0 0 0 0 0 0 0 0 0 0 0 0 0 0 0 0 0 0 143173.5947 43333632.54 132468302.6 229178088.7 336379035.9 447782583.9 567046720.4 682785691.9 790341703.7 900936579.6 1023503474 1127501894 1255244101 1358949351 1473356216 1592473455 1688795200 1809406064 1909975657 2031658554 2097377079 2162118725 2215889891 2257994858 2282838351 2330079691 2306732787 2257883541 2203623062 2149048472 2082065877 2035458496 1983146511 1896918476 1800399154 1708841491 1622708438 1511591385 1405058420 1305737797 1194349726 1082344728 973398127.9 863702829.1 743595779.8 630895133.2 517127407.5 407458387.6 290623120.1 175224244.2 62920189.54 243250.3791 0 0 0 0 0 0 0 0 0 0 0 0 0 0 0 0 0 0 0 0 0 0 0 0 
0 0 0 0 0 0 0 0 0 0 0 0 0 0 0 0 0 0 0 0 0 0 0 0 184491.582 45710958.66 133501913.6 232338008.9 337965195.4 453003510.6 568939803.4 676974421.8 788877915.2 909702223.8 1018896849 1137576193 1240780045 1365568177 1472418917 1587183809 1709914497 1812485027 1908945723 2023059863 2096595409 2154409827 2201264426 2247547518 2290464638 2316111707 2309916875 2246979221 2204175884 2155307965 2090516785 2043505248 1971183444 1882032025 1813094289 1698335175 1614713348 1508105556 1404661564 1310572428 1202427038 1079181291 976735972.7 857538003.9 748073332 632259284.6 516254967.4 404724525 292557583.4 177904673.5 63216218.23 197376.0937 0 0 0 0 0 0 0 0 0 0 0 0 0 0 0 0 0 0 0 0 0 0 0 0 
0 0 0 0 0 0 0 0 0 0 0 0 0 0 0 0 0 0 0 0 0 0 0 0 101198.2373 42993664.17 122811157.8 212041191.2 302793236.9 394710889.6 500544911.2 593787118.8 698878409 792362135.1 894173949.8 998173259 1094107275 1190051078 1293344076 1391842032 1489584069 1586183298 1679783501 1778273576 1843610365 1901756741 1953262080 1989836207 2025422487 2067570212 2048819887 1994935748 1951917592 1899235173 1867097055 1821186294 1764945197 1684725057 1603631951 1502684770 1434067951 1337912695 1238259383 1148195292 1039808728 944326623.8 849607851.5 739960367.2 644004927.3 551713115.4 443996842 356914570.8 254125025.6 154784048 55531762.44 85427.23372 0 0 0 0 0 0 0 0 0 0 0 0 0 0 0 0 0 0 0 0 0 0 0 0 
0 0 0 0 0 0 0 0 0 0 0 0 0 0 0 0 0 0 0 0 0 0 0 0 223031.1732 35287914.16 101000529.3 171148237.2 251050237.5 330181618.6 418489292.9 499698418.2 588590106.9 670824755.6 751613402.8 835372315.7 914934870.3 1002755907 1089952152 1167666600 1244765343 1332450433 1416319639 1508393419 1567251295 1608076174 1666800188 1708646907 1738646869 1760983299 1769791039 1732848414 1683674609 1649865063 1606215244 1569978576 1521354806 1456637424 1372076274 1289360033 1215764227 1138681637 1047557160 956226342.9 875837866.3 803347066.3 714262838.9 635004285.3 554245347.5 461028756.8 382056732.8 296897271.8 214118913.6 132890967.6 48252452.03 213155.3865 0 0 0 0 0 0 0 0 0 0 0 0 0 0 0 0 0 0 0 0 0 0 0 0 
0 0 0 0 0 0 0 0 0 0 0 0 0 0 0 0 0 0 0 0 0 0 0 0 91430.10913 26161256.31 77050478.03 134151004.5 197649725.9 263985619.7 330476435.3 405083556.6 466869683.5 540363435.7 609390198 669453446.4 745692399.4 814498612.8 881869981.6 945494221.6 1007627293 1084335076 1160328600 1223516755 1278120777 1324492255 1362703571 1403240843 1443630910 1460333229 1458537887 1429790678 1397872856 1366458591 1340227258 1306209793 1257034759 1203539146 1138222095 1068695674 995550849.3 931378196.6 863291194.3 787308407.8 724329426.5 654751783.6 586851039.2 520681085.6 448500359.4 383451579.1 314583610.1 242225393.4 175026871.5 105275963.7 40135756.48 131763.5271 0 0 0 0 0 0 0 0 0 0 0 0 0 0 0 0 0 0 0 0 0 0 0 0 
0 0 0 0 0 0 0 0 0 0 0 0 0 0 0 0 0 0 0 0 0 0 0 0 82772.88194 18803409.45 52615414.07 95130588.79 142889140.3 197259197.8 246531205.6 298844069.5 355995594.4 406606221.8 463545284.7 516942974.4 574258037.1 626921376.8 676810100.4 738281632.6 776937895.2 834458132.9 888800481.5 946863745.5 987317231.3 1018861905 1055850026 1087806564 1118512736 1153249949 1146473133 1131177034 1093255094 1076910575 1051603705 1024432280 989476643.7 936695855.7 878814399 825724381.9 775180269.6 723601553.8 664716249.7 615952713 563355984.1 510404446.2 456417141.8 404679299.4 350582477.4 295167252 244919184 190763776 135535422.8 81820273.53 30282056.72 102322.0917 0 0 0 0 0 0 0 0 0 0 0 0 0 0 0 0 0 0 0 0 0 0 0 0 
0 0 0 0 0 0 0 0 0 0 0 0 0 0 0 0 0 0 0 0 0 0 0 0 35113.09467 9620286.464 29886927.82 57995616.91 89612151.08 127549072.9 164920504.9 206935286.5 242384575.9 280465537.6 317645445 353293993.2 394043524.6 429312246.1 464632393 507097501.2 547506734.8 581108393.5 622013356.2 660212960.9 694911712.8 722369090 750944385.5 782089181.2 798329595.5 824414392.1 820187413.8 812477441.2 791112113.6 771543985.9 762052703 738556823.5 711127567.7 670417361.7 632330367.4 593332093 557425391.5 520499394.5 479616828.9 442531183 410164459.2 366369584 327668598.1 290305142.4 251551364.8 209719241.1 174691829.2 134001400.9 97465806 59626958.77 21176195.81 60033.30611 0 0 0 0 0 0 0 0 0 0 0 0 0 0 0 0 0 0 0 0 0 0 0 0 
0 0 0 0 0 0 0 0 0 0 0 0 0 0 0 0 0 0 0 0 0 0 0 0 0 1488775.476 8086495.777 18872879.17 36067216.61 58491239.51 80807519.19 105096311.2 128589848.3 152003024.1 171852835 199618770.2 219075744.7 244055961.5 263611802.5 294608267.8 310804027 336616470.3 359779564.1 382867577.2 406878900.5 425945191.5 445431907.8 459074770.4 484874186.8 490282433 492107745.8 489505674.3 471629177 465796515.9 456161794.8 438543113.1 430221416.7 407389991.8 380810276.5 355542483.9 334976583.7 315191859.3 290750637.6 270153441.1 245360033.7 220841329.4 197110628.3 175698412.2 149323709.8 131993833.1 105768148.8 81999431.46 60108333.36 36905387.37 12643614.15 186306.871 0 0 0 0 0 0 0 0 0 0 0 0 0 0 0 0 0 0 0 0 0 0 0 0 
0 0 0 0 0 0 0 0 0 0 0 0 0 0 0 0 0 0 0 0 0 0 0 0 0 0 54162.62214 1100203.972 4584152.666 11073147.5 18256052.54 27452856.1 35307471.99 44289806.5 50810789.4 59202403.2 68347293.24 74459212.79 82938831.07 90032287.12 100978620.3 107397893.7 117068573.7 122797485.9 132691204.3 137976931.3 148680434.9 156217235.9 164529371.4 169229604.6 170560769.2 166999917.1 166265197.5 162478975.4 159038304.5 154042992.8 149087723.1 140707912.2 133691051.9 123308522.5 116597691.4 109987002.1 99042209.02 92577271.17 84175957.71 79530174.97 68674186.26 61178087.4 55174529.15 43552427.35 37894481.42 29372681.27 20994862.96 12987116.83 4703439.932 10397.17485 0 0 0 0 0 0 0 0 0 0 0 0 0 0 0 0 0 0 0 0 0 0 0 0 
0 0 0 0 0 0 0 0 0 0 0 0 0 0 0 0 0 0 0 0 0 0 0 0 0 0 0 0 0 0 4660.019061 17307.16317 26633.39453 11285.52408 63893.12903 11764.99751 10591.6952 66188.76028 24071.12828 27944.15431 151209.6781 162185.1351 102012.7729 21906.84646 90437.72917 113198.9776 152052.6135 209856.9048 172196.025 73808.5742 93662.7515 77325.38787 144127.171 135320.9884 37023.91832 183208.4821 61451.62635 123994.2107 83849.24232 144668.5103 51887.77845 138014.3298 147411.8029 110099.3402 132503.1478 34843.95071 51940.32859 59639.95014 31595.15927 67508.71122 17318.41109 49700.14339 18009.31339 35957.32752 7577.779743 0 0 0 0 0 0 0 0 0 0 0 0 0 0 0 0 0 0 0 0 0 0 0 0 0 
0 0 0 0 0 0 0 0 0 0 0 0 0 0 0 0 0 0 0 0 0 0 0 0 0 0 0 0 0 0 0 0 0 0 0 0 0 0 0 0 0 0 0 0 0 0 0 0 0 0 0 0 0 0 0 0 0 0 0 0 0 0 0 0 0 0 0 0 0 0 0 0 0 0 0 0 0 0 0 0 0 0 0 0 0 0 0 0 0 0 0 0 0 0 0 0 0 0 0 0 
# Errors [divergence_behind_zapfen_unit/divzapfen.dat] I_err:
0 0 0 0 0 0 0 0 0 0 0 0 0 0 0 0 0 0 0 0 0 0 0 0 0 0 0 0 0 0 0 0 0 0 0 0 0 0 0 0 0 0 0 0 0 0 0 0 0 0 0 0 0 0 0 0 0 0 0 0 0 0 0 0 0 0 0 0 0 0 0 0 0 0 0 0 0 0 0 0 0 0 0 0 0 0 0 0 0 0 0 0 0 0 0 0 0 0 0 0 
0 0 0 0 0 0 0 0 0 0 0 0 0 0 0 0 0 0 0 0 0 0 0 0 0 0 0 0 0 3839.3384 3464.296468 5418.374705 2357.72076 34803.28812 53287.21213 47825.94137 37732.77763 28613.83419 32275.65685 41765.05131 49340.70069 36675.88428 34185.16693 39029.31148 50088.55247 51718.6759 58238.03956 61117.25071 59055.97002 63806.50654 42623.13975 55960.38469 41590.10902 35253.80268 34000.68134 65237.10254 74321.68048 48438.77446 60548.35707 55251.65817 46940.99911 18783.65105 43006.36031 26446.22879 48291.40997 46113.29594 49370.59837 39161.94704 8010.959474 38885.26724 32655.00892 7057.407438 27292.03502 18034.02511 343.7938108 0 0 0 0 0 0 0 0 0 0 0 0 0 0 0 0 0 0 0 0 0 0 0 0 0 
0 0 0 0 0 0 0 0 0 0 0 0 0 0 0 0 0 0 0 0 0 0 0 0 0 0 14895.78874 132805.2835 267603.2619 452414.142 598430.0789 734032.8182 838590.3253 905923.5617 1014452.251 1056940.162 1155138.653 1205345.512 1250078.07 1353085.942 1382855.656 1420027.654 1489504.425 1563674.672 1596939.443 1615539.068 1674802.696 1744106.252 1772796.826 1828777.433 1820096.161 1817463.061 1791493.796 1766145.919 1751958.955 1717192.803 1689883.031 1633558.032 1598304.284 1551105.532 1510484.793 1490619.19 1384677.885 1353149.957 1276709.342 1230874.639 1152730.517 1069826.937 978589.7078 945483.4189 852432.2261 746529.2042 635578.2449 486604.888 335161.9061 1605.983647 0 0 0 0 0 0 0 0 0 0 0 0 0 0 0 0 0 0 0 0 0 0 0 0 
0 0 0 0 0 0 0 0 0 0 0 0 0 0 0 0 0 0 0 0 0 0 0 0 681.359205 148988.7537 389199.1642 629345.2696 846055.2382 1043047.726 1248308.13 1440910.619 1571305.195 1722176.445 1847663.266 1948194.172 2056707.726 2177435.261 2280164.712 2359625.854 2505278.336 2575910.004 2643211.393 2717575.114 2791982.334 2877200.496 2965170.415 2989180.942 3056984.673 3097219.042 3101742.774 3086215.89 3034891.376 3002483.051 2976801.772 2932811.796 2890097.79 2797978.774 2755841.948 2650171.282 2550197.463 2471120.467 2370173.718 2268254.137 2172772.896 2072470.657 1958125.5 1802539.854 1725435.411 1583611.114 1431834.919 1287422.442 1097869.766 842696.3406 516499.1162 5190.984943 0 0 0 0 0 0 0 0 0 0 0 0 0 0 0 0 0 0 0 0 0 0 0 0 
0 0 0 0 0 0 0 0 0 0 0 0 0 0 0 0 0 0 0 0 0 0 0 0 18596.55224 400075.2061 764834.723 1058138.526 1322859.518 1592301.934 1774474.836 2000566.137 2153075.574 2347671.589 2469922.167 2632091.015 2767564.023 2897674.931 3021429.827 3187802.557 3265834.922 3368980.343 3482544.423 3589192.527 3700193.284 3728450.158 3798403.027 3885687.346 3946176.573 3994242.357 4013871.481 3961416.384 3913400.634 3901860.712 3817275.654 3788061.956 3728880.619 3594346.878 3511710.547 3400591.926 3309473.017 3164443.321 3060665.302 2921974.371 2823185.467 2647002.982 2542204.959 2396538.931 2231094.758 2039043.343 1835898.867 1642198.524 1359452.988 1073628.834 652000.7187 26114.33557 0 0 0 0 0 0 0 0 0 0 0 0 0 0 0 0 0 0 0 0 0 0 0 0 
0 0 0 0 0 0 0 0 0 0 0 0 0 0 0 0 0 0 0 0 0 0 0 0 7246.440389 581561.0605 1032203.985 1366865.405 1661056.614 1965612.108 2202440.645 2431195.214 2633015.402 2826072.584 2980357.199 3162415.265 3352541.092 3481205.76 3620707.993 3745625.991 3906340.295 4025360.227 4153122.076 4281026.308 4378190.238 4460650.754 4499710.088 4593237.442 4652107.539 4729524.483 4722601.195 4678535.013 4622581.444 4588281.705 4515731.727 4493725.836 4406004.911 4253043.741 4146055.812 4016984.539 3878084.974 3727365.951 3610028.235 3460483.848 3307127.187 3161616.698 3010190.813 2784792.355 2595386.935 2408244.749 2188852.431 1914757.854 1622615.08 1270250.982 769349.6837 45630.80804 0 0 0 0 0 0 0 0 0 0 0 0 0 0 0 0 0 0 0 0 0 0 0 0 
0 0 0 0 0 0 0 0 0 0 0 0 0 0 0 0 0 0 0 0 0 0 0 0 44759.52413 691238.9983 1209030.233 1591593.956 1961542.854 2274046.253 2528282.677 2805010.922 3029738.906 3248070.274 3454563.427 3610159.26 3786678.079 3974960.307 4133978.438 4303266.758 4437293.737 4602465.818 4751243.562 4888336.906 4989416.596 5071978.893 5144384.829 5215547.382 5287084.5 5327152.776 5344309.943 5316586.88 5232903.091 5139356.974 5077644.977 5028054.087 4940689.004 4826282.995 4684838.108 4553735.521 4388711.399 4247154.002 4090477.057 3913508.42 3737053.138 3557325.452 3394397.557 3170378.921 2938232.031 2725653.133 2470260.233 2171640.875 1847125.3 1413532.21 850012.9612 48562.11879 0 0 0 0 0 0 0 0 0 0 0 0 0 0 0 0 0 0 0 0 0 0 0 0 
0 0 0 0 0 0 0 0 0 0 0 0 0 0 0 0 0 0 0 0 0 0 0 0 49542.59474 837928.1573 1399948.507 1819446.995 2228425.2 2565413.881 2832112.286 3122884.307 3375713.624 3613859.285 3831059.394 4037049.007 4217765.42 4414237.252 4590127.57 4773544.089 4956171.62 5103602.654 5255831.883 5414874.347 5525943.18 5609319.228 5687200.181 5771982.781 5819984.546 5854190.354 5858402.077 5766010.49 5749100.153 5629170.276 5604759.798 5538542.487 5419692.85 5303383.532 5155427.046 5015479.267 4870356.061 4698187.668 4528958.641 4330846.779 4146919.816 3946715.798 3730388.466 3486959.613 3267396.063 3001101.819 2731116.078 2422631.125 2040413.091 1588816.086 983817.7708 52699.13435 0 0 0 0 0 0 0 0 0 0 0 0 0 0 0 0 0 0 0 0 0 0 0 0 
0 0 0 0 0 0 0 0 0 0 0 0 0 0 0 0 0 0 0 0 0 0 0 0 27727.48115 890303.7131 1543154.093 2042157.755 2426457.657 2787734.256 3126807.171 3411355.95 3697738.253 3919305.961 4169868.711 4401321.999 4607375.233 4808291.423 5000379.075 5196625.274 5384599.139 5570853.556 5709748.2 5885532.945 5998221.638 6070434.751 6167089.774 6215110.124 6283558.268 6327528.299 6308736.604 6248309.466 6179951.309 6098931.674 6037705.2 5934820.893 5859526.35 5694241.21 5597720.003 5417047.784 5248296.811 5109162.518 4890424.859 4700165.229 4488066.994 4294595.718 4059170.727 3801461.476 3549332.53 3273028.56 2947811.052 2605545.978 2244552.199 1739049.456 1056482.324 65697.48542 0 0 0 0 0 0 0 0 0 0 0 0 0 0 0 0 0 0 0 0 0 0 0 0 
0 0 0 0 0 0 0 0 0 0 0 0 0 0 0 0 0 0 0 0 0 0 0 0 56126.85135 910245.9539 1600663.811 2106396.328 2550970.959 2941499.713 3320773.942 3643504.698 3917738.059 4187425.867 4465254.996 4678714.8 4943131.698 5147246.971 5354680.633 5578633.237 5727233.692 5933320.365 6100294.595 6294679.917 6378115.527 6486685.116 6574979.393 6640717.14 6664233.512 6755446.894 6705810.966 6636936.848 6554230.118 6462813.994 6361303.868 6297215.679 6226670.935 6082526.938 5915153.622 5768968.872 5634834.602 5425909.8 5229646.457 5045962.242 4822497.585 4584975.217 4350426.988 4105196.335 3800003.661 3501244.054 3170275.192 2808569.075 2374335.186 1848411.137 1107577.841 75891.84343 0 0 0 0 0 0 0 0 0 0 0 0 0 0 0 0 0 0 0 0 0 0 0 0 
0 0 0 0 0 0 0 0 0 0 0 0 0 0 0 0 0 0 0 0 0 0 0 0 61590.56694 946810.2745 1617095.06 2119010.124 2556590.426 2968656.801 3328721.154 3625659.208 3915895.837 4198782.422 4452910.776 4711033.598 4914102.426 5164986.449 5354797.519 5561304.087 5773868.462 5941260.507 6091435.875 6272998.841 6384645.99 6486419.363 6546407.819 6612281.317 6675271.269 6707595.995 6709636.761 6610358.313 6550173.212 6485205.219 6383884.713 6314795.603 6194760.187 6046828.567 5951544.146 5744254.781 5607603.519 5416259.737 5232025 5057871.602 4842792.808 4580235.456 4364916.682 4085563.318 3809178.56 3500591.484 3158762.487 2804020.444 2382937.793 1859172.05 1099084.029 61049.99342 0 0 0 0 0 0 0 0 0 0 0 0 0 0 0 0 0 0 0 0 0 0 0 0 
0 0 0 0 0 0 0 0 0 0 0 0 0 0 0 0 0 0 0 0 0 0 0 0 36808.51357 914932.2267 1544416.207 2032158.947 2419530.377 2763521.894 3114835.914 3390238.447 3684880.983 3930952.035 4163949.434 4411433.827 4613791.939 4805327.201 5018722.605 5202034.029 5392007.131 5558185.447 5715301.523 5881885.31 5984942.935 6092547.253 6169507.211 6214944.098 6282938.817 6350348.724 6314956.796 6234962.285 6151171.364 6067575.53 6028371.508 5963160.672 5876438.553 5726941.227 5590244.735 5397029.497 5292014.044 5100256.909 4910125.503 4732851.47 4491350.497 4289241.834 4071185.869 3789957.297 3540959.497 3285180.922 2929781.588 2631693.886 2225734.996 1727375.97 1027087.61 29952.48895 0 0 0 0 0 0 0 0 0 0 0 0 0 0 0 0 0 0 0 0 0 0 0 0 
0 0 0 0 0 0 0 0 0 0 0 0 0 0 0 0 0 0 0 0 0 0 0 0 68582.99794 832848.034 1405189.977 1818648.834 2204718.506 2528031.085 2847541.306 3117301.771 3393607.028 3612230.602 3824389.84 4035168.34 4209515.287 4418122.362 4618091.019 4766420.959 4909654.696 5097371.67 5255381.728 5418899.384 5525727.005 5592779.648 5707609.605 5760576.455 5817549.109 5844628.329 5865214.181 5811493.299 5721135.665 5670964.071 5591881 5527341.834 5433144.113 5334960.737 5163025.169 5010731.32 4865781.805 4713520.606 4507122.375 4294917.732 4117225.228 3947383.684 3728687.736 3517410.08 3289791.179 2988354.536 2724708.101 2404660.857 2044417.475 1613454.755 975061.2091 68577.47291 0 0 0 0 0 0 0 0 0 0 0 0 0 0 0 0 0 0 0 0 0 0 0 0 
0 0 0 0 0 0 0 0 0 0 0 0 0 0 0 0 0 0 0 0 0 0 0 0 38789.49909 713901.8268 1223308.616 1615412.628 1952502.886 2258673.922 2526578.407 2813396.198 3012099.857 3242267.944 3439410.768 3597781.119 3814187.473 3974971.016 4142661.217 4283491.707 4415979.749 4597462.271 4753459.081 4883138.426 4991125.667 5081220.745 5153087.919 5228032.915 5300719.944 5330943.159 5316973.346 5266279.383 5210654.362 5149370.246 5116907.182 5044910.452 4941573.951 4838663.366 4711321.331 4560032.507 4410854.693 4259948.293 4103174.263 3910656.856 3756767.195 3575091.003 3386130.336 3189886.378 2952793.872 2732228.762 2471106.825 2168777.49 1835888.363 1416312.683 884597.9394 39902.53365 0 0 0 0 0 0 0 0 0 0 0 0 0 0 0 0 0 0 0 0 0 0 0 0 
0 0 0 0 0 0 0 0 0 0 0 0 0 0 0 0 0 0 0 0 0 0 0 0 48992.00157 615155.2014 1006473.364 1365434.262 1658109.88 1956959.099 2176407.579 2397951.138 2632507.078 2801865.269 3003654.625 3166570.063 3347389.008 3489362.623 3630952.493 3799866.943 3877476.634 4021272.639 4156961.72 4291126.824 4385534.939 4457750.375 4533258.848 4598833.552 4658581.845 4735869.62 4720511.858 4694980.403 4609862.845 4574868.071 4524320.72 4467236.437 4385865.823 4269087.649 4128942.781 4001780.021 3886090.262 3746375.179 3599530.724 3468828.08 3307496.923 3158496.771 2972328.469 2808756.486 2610738.172 2392050.513 2184868.581 1923805.684 1622775.971 1256842.149 768221.4328 35662.27422 0 0 0 0 0 0 0 0 0 0 0 0 0 0 0 0 0 0 0 0 0 0 0 0 
0 0 0 0 0 0 0 0 0 0 0 0 0 0 0 0 0 0 0 0 0 0 0 0 22607.35421 440592.4571 754374.0193 1066698.202 1313475.208 1582375.321 1790533.512 2018163.755 2176567.626 2329765.643 2475306.284 2616540.388 2761486.706 2886923.691 2992459.245 3131075.882 3260132.281 3357321.259 3478932.784 3586058.446 3679879.062 3742784.532 3818864.734 3900809.407 3930596.651 4005266.076 3982192.523 3977654.792 3924747.624 3865280.337 3852563.297 3790496.588 3722132.532 3603287.094 3504687.522 3390456.562 3288347.462 3178707.052 3050007.904 2934246.624 2829633.378 2670928.093 2519218.219 2383815.053 2212485.045 2018673.537 1843461.343 1619026.196 1372540.121 1074681.391 629135.4119 33198.72374 0 0 0 0 0 0 0 0 0 0 0 0 0 0 0 0 0 0 0 0 0 0 0 0 
0 0 0 0 0 0 0 0 0 0 0 0 0 0 0 0 0 0 0 0 0 0 0 0 0 176529.9115 400750.2547 600640.4583 831065.1728 1066553.135 1255070.678 1427043.429 1578230.526 1715640.962 1820104.917 1976832.422 2065455.831 2176659.781 2254706.34 2397020.923 2453288.878 2551337.318 2636808.078 2735383.863 2807960.206 2873172.487 2941351.003 2984814.069 3080377.224 3085268.764 3087074.439 3085676.926 3016011.437 3004715.402 2972907.99 2913594.777 2895228.426 2817793.359 2718515.863 2629065.138 2537899.203 2474795.805 2380255.24 2294881.319 2185912.724 2069993.895 1954380.426 1843270.743 1697132.477 1609966.857 1433101.383 1268343.782 1074629.878 854515.7183 495010.6423 68313.35082 0 0 0 0 0 0 0 0 0 0 0 0 0 0 0 0 0 0 0 0 0 0 0 0 
0 0 0 0 0 0 0 0 0 0 0 0 0 0 0 0 0 0 0 0 0 0 0 0 0 0 38112.39603 151434.2619 305601.3509 456481.6627 588472.5211 736214.3073 832191.8067 921125.3339 990286.2116 1065866.146 1158090.568 1201537.368 1268875.093 1312705.161 1404443.669 1443426.491 1510020.29 1545042.251 1614604.755 1631186.26 1705506.907 1754244.483 1795618.167 1819735.773 1809165.433 1800632.74 1793671.095 1778917.793 1762231.339 1734336.311 1693403.248 1643840.216 1616698.565 1544052.877 1503385.888 1454644.259 1385425.974 1340241.304 1280315.691 1252572.872 1152216.621 1098601.123 1044748.14 911330.8303 863357.7985 758463.5291 650778.9584 502494.121 303113.208 10397.17485 0 0 0 0 0 0 0 0 0 0 0 0 0 0 0 0 0 0 0 0 0 0 0 0 
0 0 0 0 0 0 0 0 0 0 0 0 0 0 0 0 0 0 0 0 0 0 0 0 0 0 0 0 0 0 3844.677628 16864.94247 22549.14536 8066.892777 43060.20145 6244.351226 6676.819489 43500.62617 10547.01965 13442.55863 56455.94279 65496.88207 41307.91169 7470.155882 34196.34782 42950.11806 63112.07674 65878.77097 64005.33166 28432.74507 48226.6616 38870.86076 53815.18196 54379.64035 11855.09885 57070.72856 20541.15701 41486.81495 34204.63571 60809.85729 34207.72539 60575.79854 60344.29876 49275.43344 66471.11327 16396.80886 35597.98785 37478.2167 22300.50108 36512.2099 10165.68087 36686.41376 20935.64548 34887.97954 8566.294651 0 0 0 0 0 0 0 0 0 0 0 0 0 0 0 0 0 0 0 0 0 0 0 0 0 
0 0 0 0 0 0 0 0 0 0 0 0 0 0 0 0 0 0 0 0 0 0 0 0 0 0 0 0 0 0 0 0 0 0 0 0 0 0 0 0 0 0 0 0 0 0 0 0 0 0 0 0 0 0 0 0 0 0 0 0 0 0 0 0 0 0 0 0 0 0 0 0 0 0 0 0 0 0 0 0 0 0 0 0 0 0 0 0 0 0 0 0 0 0 0 0 0 0 0 0 
# Events [divergence_behind_zapfen_unit/divzapfen.dat] N:
0 0 0 0 0 0 0 0 0 0 0 0 0 0 0 0 0 0 0 0 0 0 0 0 0 0 0 0 0 0 0 0 0 0 0 0 0 0 0 0 0 0 0 0 0 0 0 0 0 0 0 0 0 0 0 0 0 0 0 0 0 0 0 0 0 0 0 0 0 0 0 0 0 0 0 0 0 0 0 0 0 0 0 0 0 0 0 0 0 0 0 0 0 0 0 0 0 0 0 0 
0 0 0 0 0 0 0 0 0 0 0 0 0 0 0 0 0 0 0 0 0 0 0 0 0 0 0 0 0 1 2 2 2 6 7 9 6 9 9 9 13 13 18 13 23 17 21 20 20 20 22 24 12 9 22 16 30 21 20 20 10 12 9 12 11 11 5 3 5 7 7 5 6 2 1 0 0 0 0 0 0 0 0 0 0 0 0 0 0 0 0 0 0 0 0 0 0 0 0 0 
0 0 0 0 0 0 0 0 0 0 0 0 0 0 0 0 0 0 0 0 0 0 0 0 0 0 5 128 688 1803 3160 4478 5854 7105 8642 9877 11084 12484 13763 15217 16666 17589 19197 20422 21839 22946 24430 26009 26618 28225 28508 28079 27626 27038 26216 25472 24589 23530 22064 20889 19394 18458 16594 15509 14172 12849 11239 9956 8741 7565 6232 4783 3438 2082 781 3 0 0 0 0 0 0 0 0 0 0 0 0 0 0 0 0 0 0 0 0 0 0 0 0 
0 0 0 0 0 0 0 0 0 0 0 0 0 0 0 0 0 0 0 0 0 0 0 0 1 215 1270 3311 6206 9714 13714 17496 21377 25251 29214 33099 36722 40370 44214 47865 52904 56104 60012 63650 67028 71150 74576 76805 79843 82792 82865 81214 79398 77530 75892 73780 70834 67836 64056 59789 56187 52472 48292 44533 40549 36696 32999 28875 25291 21626 17659 13819 9967 6007 2201 8 0 0 0 0 0 0 0 0 0 0 0 0 0 0 0 0 0 0 0 0 0 0 0 0 
0 0 0 0 0 0 0 0 0 0 0 0 0 0 0 0 0 0 0 0 0 0 0 0 6 1484 5023 9473 15055 21166 27198 33710 40353 46799 53003 59133 65560 72039 78712 85126 91277 97436 103618 109950 116292 120057 124782 129247 132187 136356 137104 134288 130587 128614 125466 122891 118398 111763 105997 98744 92564 86498 79972 73764 67389 60960 54341 48403 42307 35524 28880 22580 16475 10093 3606 17 0 0 0 0 0 0 0 0 0 0 0 0 0 0 0 0 0 0 0 0 0 0 0 0 
0 0 0 0 0 0 0 0 0 0 0 0 0 0 0 0 0 0 0 0 0 0 0 0 4 2962 8871 15985 23905 32263 41359 50660 59192 67737 76223 85525 94886 103199 112698 121093 130406 139122 148056 156656 165275 170033 174808 180826 186212 190715 190724 186638 182747 179319 174367 170808 164260 155826 147911 138728 129017 120256 111823 103283 94113 84994 75917 66792 58172 49416 40680 31507 22765 13916 5058 32 0 0 0 0 0 0 0 0 0 0 0 0 0 0 0 0 0 0 0 0 0 0 0 0 
0 0 0 0 0 0 0 0 0 0 0 0 0 0 0 0 0 0 0 0 0 0 0 0 18 4365 12772 22431 32718 44032 55116 66623 78276 89573 101122 112161 123169 135331 145709 158087 168939 180431 191707 202548 212656 219446 226046 232346 239050 244163 243628 238393 232382 228040 222418 217085 209866 199179 188127 177237 166503 154682 142832 132080 119922 108966 97013 85927 74436 63685 51839 40621 29076 17694 6362 23 0 0 0 0 0 0 0 0 0 0 0 0 0 0 0 0 0 0 0 0 0 0 0 0 
0 0 0 0 0 0 0 0 0 0 0 0 0 0 0 0 0 0 0 0 0 0 0 0 13 5798 16697 28861 41764 56068 69459 83195 96990 110729 124534 139168 152899 166654 180345 193430 208127 222143 235543 249568 260411 270037 276087 283579 288166 294120 293432 286893 280562 273781 268651 261441 252397 240954 229116 215898 203131 188827 175196 160708 147081 132439 118391 105349 91546 77190 63609 49638 35689 21751 7903 27 0 0 0 0 0 0 0 0 0 0 0 0 0 0 0 0 0 0 0 0 0 0 0 0 
0 0 0 0 0 0 0 0 0 0 0 0 0 0 0 0 0 0 0 0 0 0 0 0 21 7002 20589 34988 50709 67149 83223 99899 116479 132112 148110 164852 181429 198128 214594 231243 247093 263731 278962 296645 307643 316544 323541 330258 336651 341902 340134 332598 325629 317239 309639 301408 292119 278830 266562 252329 237244 221958 205600 189218 173080 157023 140980 124262 107867 91493 74875 58270 42197 25742 9170 38 0 0 0 0 0 0 0 0 0 0 0 0 0 0 0 0 0 0 0 0 0 0 0 0 
0 0 0 0 0 0 0 0 0 0 0 0 0 0 0 0 0 0 0 0 0 0 0 0 23 7301 22311 38369 56342 75032 94280 113237 131820 150427 169715 187989 208180 224805 245109 263812 281489 300693 317125 336518 349383 358873 366613 373297 380247 384679 383021 374201 364954 357445 346494 337606 327445 314263 299215 283231 267301 251387 233455 216353 198195 180406 162002 142866 123837 105385 86164 67902 48719 29442 10569 37 0 0 0 0 0 0 0 0 0 0 0 0 0 0 0 0 0 0 0 0 0 0 0 0 
0 0 0 0 0 0 0 0 0 0 0 0 0 0 0 0 0 0 0 0 0 0 0 0 28 7499 21937 38570 56179 75145 94300 112902 131831 151498 169319 187945 206783 226191 245151 263684 282625 300318 318081 336393 348238 356869 366238 373223 380229 385497 382996 374406 366068 356301 346818 338473 327534 313441 300028 282824 268370 251087 233113 216793 198871 180223 161608 142192 124316 105094 86356 67295 48535 29653 10778 38 0 0 0 0 0 0 0 0 0 0 0 0 0 0 0 0 0 0 0 0 0 0 0 0 
0 0 0 0 0 0 0 0 0 0 0 0 0 0 0 0 0 0 0 0 0 0 0 0 22 7147 20448 35067 50404 66138 83341 99403 116168 131676 148455 165450 181978 198138 214423 230845 247342 263271 279347 295444 307477 315619 323723 331392 336113 342142 340208 332168 325155 316838 309760 302275 291934 279416 265779 251327 237496 222053 205612 189847 173419 156907 140435 123281 107243 91276 74428 59024 42134 25776 9533 24 0 0 0 0 0 0 0 0 0 0 0 0 0 0 0 0 0 0 0 0 0 0 0 0 
0 0 0 0 0 0 0 0 0 0 0 0 0 0 0 0 0 0 0 0 0 0 0 0 31 5798 16740 28705 41753 55427 69707 83088 96844 111346 124922 138365 152883 166595 179941 194062 208178 221548 235400 250201 260473 267869 276607 282916 288998 293934 294398 287735 279277 273776 267039 261136 253515 240370 228769 215036 202047 188412 174555 160354 145765 133251 118785 104834 91601 76977 63548 49511 35543 21972 7891 34 0 0 0 0 0 0 0 0 0 0 0 0 0 0 0 0 0 0 0 0 0 0 0 0 
0 0 0 0 0 0 0 0 0 0 0 0 0 0 0 0 0 0 0 0 0 0 0 0 21 4340 12859 22177 32771 43901 55611 66568 78287 89965 101182 111786 123493 135771 146626 157326 168608 179087 192254 202979 212563 219026 226100 232845 239384 242956 243015 238272 232545 227817 221780 216806 209455 199853 188429 177133 165167 154647 143181 131315 119993 108514 97410 86253 74793 63703 52037 40442 29376 17817 6508 31 0 0 0 0 0 0 0 0 0 0 0 0 0 0 0 0 0 0 0 0 0 0 0 0 
0 0 0 0 0 0 0 0 0 0 0 0 0 0 0 0 0 0 0 0 0 0 0 0 13 2903 8884 15803 23969 32667 41524 50060 58848 67986 76911 86018 94385 103764 112545 121683 129522 139182 148065 157221 163579 169406 175083 181034 186075 190988 190912 187424 181924 178967 174570 170315 164611 155863 147031 138264 128967 120546 110751 102384 93722 84842 75813 67009 58184 49305 40819 31511 22683 13796 4979 19 0 0 0 0 0 0 0 0 0 0 0 0 0 0 0 0 0 0 0 0 0 0 0 0 
0 0 0 0 0 0 0 0 0 0 0 0 0 0 0 0 0 0 0 0 0 0 0 0 7 1501 5008 9562 15020 21095 27198 34014 40298 46427 52955 59364 65577 71818 78145 84630 90960 97138 103453 109943 115529 120553 124660 129792 133123 136792 136962 134622 131213 128652 126453 122695 118270 111831 105208 99059 92734 86472 80086 73802 67644 61022 54743 47823 41695 35251 28936 22240 16318 9950 3579 15 0 0 0 0 0 0 0 0 0 0 0 0 0 0 0 0 0 0 0 0 0 0 0 0 
0 0 0 0 0 0 0 0 0 0 0 0 0 0 0 0 0 0 0 0 0 0 0 0 0 227 1317 3253 6120 9751 13598 17387 21549 25354 28695 33023 36681 40496 44426 48607 52233 56131 60200 63519 67636 71293 73891 76642 80169 81986 82472 81241 78866 77872 76181 73671 71502 67772 63320 59532 56347 52395 47994 44712 40575 36688 33063 29245 25152 21764 17463 13646 9957 6023 2119 15 0 0 0 0 0 0 0 0 0 0 0 0 0 0 0 0 0 0 0 0 0 0 0 0 
0 0 0 0 0 0 0 0 0 0 0 0 0 0 0 0 0 0 0 0 0 0 0 0 0 0 5 172 743 1822 3104 4531 5819 7337 8527 9990 11267 12340 13835 15150 16687 17919 19378 20175 21923 23137 24589 25610 27164 28015 28653 27852 27675 27070 26142 25713 24952 23562 22159 20775 19490 18277 16829 15545 14112 13014 11478 9996 8960 7430 6059 4822 3372 2090 774 1 0 0 0 0 0 0 0 0 0 0 0 0 0 0 0 0 0 0 0 0 0 0 0 0 
0 0 0 0 0 0 0 0 0 0 0 0 0 0 0 0 0 0 0 0 0 0 0 0 0 0 0 0 0 0 2 3 4 3 5 6 5 8 8 10 15 17 16 16 19 20 17 31 23 19 17 18 20 20 19 29 19 22 20 14 10 14 12 16 8 11 9 11 8 9 3 5 2 3 2 0 0 0 0 0 0 0 0 0 0 0 0 0 0 0 0 0 0 0 0 0 0 0 0 0 
0 0 0 0 0 0 0 0 0 0 0 0 0 0 0 0 0 0 0 0 0 0 0 0 0 0 0 0 0 0 0 0 0 0 0 0 0 0 0 0 0 0 0 0 0 0 0 0 0 0 0 0 0 0 0 0 0 0 0 0 0 0 0 0 0 0 0 0 0 0 0 0 0 0 0 0 0 0 0 0 0 0 0 0 0 0 0 0 0 0 0 0 0 0 0 0 0 0 0 0 
