# Format: McCode with text headers
# URL: http://www.mccode.org
# Creator: 
# Instrument: BOA_beamline_monitors.instr
# Ncount: 25000000
# Trace: no
# Gravitation: no
# Seed: 1000
# Directory: BOA_1-9AA_1e8/1
# Nodes: 8
# Param: flagin=1
# Param: trompete_exit_slit_width=0.04
# Param: trompete_exit_slit_height=0.04
# Param: Lmin=1
# Param: Lmax=9
# Param: threshold=1e-12
# Date: Wed Jan  4 16:02:58 2023 (1672844578)
# type: array_1d(1001)
# Source: BOA_RNR51 (BOA_beamline_monitors.instr)
# component: Brill
# position: -0.0145 0 8.62863
# title: Mean brilliance
# Ncount: 200000000
# filename: Mean_Brilliance.dat
# statistics: X0=4.36478; dX=1.81485;
# signal: Min=6.92969e+09; Max=1.26259e+11; Mean=6.20292e+10;
# values: 6.20912e+13 9.64914e+10 1.75088e+06
# xvar: Mean
# yvar: (I,I_err)
# xlabel: Wavelength [AA]
# ylabel: Mean Brilliance
# xlimits: 1 9
# variables: Mean I I_err N
1.003996004 8563462288 2475803144 65 
1.011988012 8215451488 2507135735 76 
1.01998002 8227619299 2593288104 74 
1.027972028 1.003817132e+10 2868514432 69 
1.035964036 1.387852628e+10 3432436092 82 
1.043956044 1.459943574e+10 3319739782 81 
1.051948052 1.339952539e+10 3199198891 97 
1.05994006 9919847350 2759356663 91 
1.067932068 6929690235 2417154937 79 
1.075924076 2.040719969e+10 4161178163 91 
1.083916084 1.713849409e+10 3836869351 97 
1.091908092 1.829405999e+10 4009073729 92 
1.0999001 2.210991869e+10 4288107545 115 
1.107892108 1.879469084e+10 3925676039 127 
1.115884116 1.352301032e+10 3347485994 97 
1.123876124 1.524649607e+10 3788449141 93 
1.131868132 2.194561439e+10 4223839459 104 
1.13986014 1.673924671e+10 3770290243 108 
1.147852148 1.968820512e+10 3938318073 115 
1.155844156 2.00496759e+10 4030074775 125 
1.163836164 1.602897418e+10 3679060841 114 
1.171828172 1.954910798e+10 4146931494 131 
1.17982018 2.76167674e+10 4960467878 133 
1.187812188 2.60995641e+10 4624592524 120 
1.195804196 1.814061931e+10 3884031996 116 
1.203796204 2.375950274e+10 4552852261 136 
1.211788212 2.102921471e+10 4202229776 127 
1.21978022 2.743845095e+10 4777492439 144 
1.227772228 2.937569157e+10 5011311635 165 
1.235764236 2.258680219e+10 4293737133 135 
1.243756244 2.55468171e+10 4587755323 160 
1.251748252 2.666420079e+10 4719698554 154 
1.25974026 3.000692592e+10 4929170786 189 
1.267732268 2.213721592e+10 4322192785 161 
1.275724276 2.292789714e+10 4308918215 160 
1.283716284 3.516549163e+10 5490102965 193 
1.291708292 2.578763875e+10 4596002395 169 
1.2997003 2.191927312e+10 4019248718 147 
1.307692308 2.761939911e+10 4736963295 166 
1.315684316 3.162552218e+10 5006493055 170 
1.323676324 2.983009228e+10 4893421940 196 
1.331668332 2.004620153e+10 3879021929 188 
1.33966034 3.944142566e+10 5754202537 223 
1.347652348 3.25952728e+10 5131817314 211 
1.355644356 2.724100902e+10 4652439245 188 
1.363636364 2.82270229e+10 4581513727 218 
1.371628372 3.611596507e+10 5463326511 192 
1.37962038 3.656874976e+10 5389202024 228 
1.387612388 3.218404447e+10 5062676046 207 
1.395604396 3.920701594e+10 5527050772 252 
1.403596404 4.288670746e+10 5912806605 231 
1.411588412 3.643142615e+10 5369612421 227 
1.41958042 3.385234322e+10 5047646700 238 
1.427572428 3.730798713e+10 5381149291 209 
1.435564436 3.176165611e+10 4766508778 207 
1.443556444 4.663134301e+10 6118368439 251 
1.451548452 4.090873338e+10 5630723099 230 
1.45954046 3.846730847e+10 5319280954 262 
1.467532468 4.998690184e+10 6204772783 266 
1.475524476 4.027771549e+10 5493165808 287 
1.483516484 4.61326498e+10 5895960047 287 
1.491508492 3.988402876e+10 5373295929 275 
1.4995005 4.959243172e+10 6023872213 313 
1.507492507 4.677262315e+10 5836180107 306 
1.515484515 4.559549011e+10 5717812835 306 
1.523476523 3.594911327e+10 4980113204 306 
1.531468531 4.002005241e+10 5379219189 288 
1.539460539 3.508550788e+10 4968193885 296 
1.547452547 3.32261234e+10 4683654711 302 
1.555444555 3.475782852e+10 4969027529 300 
1.563436563 3.95689264e+10 5232472709 313 
1.571428571 4.343109324e+10 5444301410 314 
1.579420579 4.954075631e+10 5808516534 326 
1.587412587 5.218939836e+10 5935629256 360 
1.595404595 5.236598041e+10 6060687432 372 
1.603396603 5.700080754e+10 6256580104 353 
1.611388611 4.114325366e+10 5191988478 380 
1.619380619 3.851913614e+10 4948476294 338 
1.627372627 4.433419534e+10 5431061949 359 
1.635364635 4.942444023e+10 5623657245 372 
1.643356643 4.806993746e+10 5524073023 382 
1.651348651 4.393000391e+10 5305820250 401 
1.659340659 6.007431511e+10 6266768863 423 
1.667332667 4.356672765e+10 5197837696 417 
1.675324675 4.853468681e+10 5450394522 420 
1.683316683 5.42889925e+10 5911686962 426 
1.691308691 4.893340807e+10 5485441061 453 
1.699300699 5.053885345e+10 5563218558 451 
1.707292707 5.524024236e+10 5817939816 471 
1.715284715 6.166573681e+10 6064954079 474 
1.723276723 5.54956075e+10 5745627686 505 
1.731268731 4.790517819e+10 5347148538 470 
1.739260739 5.890785074e+10 5815763969 520 
1.747252747 5.750046085e+10 5813729726 481 
1.755244755 5.79566416e+10 5791751098 503 
1.763236763 4.684265113e+10 5106368088 503 
1.771228771 5.356251731e+10 5497849092 515 
1.779220779 5.686254053e+10 5649350725 496 
1.787212787 5.079308831e+10 5198893207 549 
1.795204795 4.601491326e+10 5065090097 525 
1.803196803 5.567550054e+10 5485129232 540 
1.811188811 5.673592118e+10 5551938478 556 
1.819180819 5.624581252e+10 5428670694 533 
1.827172827 5.619816358e+10 5494770269 569 
1.835164835 5.622592116e+10 5534921513 578 
1.843156843 5.848634522e+10 5520205412 562 
1.851148851 6.171004148e+10 5615234444 584 
1.859140859 6.095606938e+10 5598679509 589 
1.867132867 6.165615084e+10 5611483812 579 
1.875124875 6.351607616e+10 5602096154 600 
1.883116883 5.51988342e+10 5306297039 626 
1.891108891 7.278418952e+10 6162680815 652 
1.899100899 6.104827692e+10 5413036932 629 
1.907092907 5.67626013e+10 5224011148 625 
1.915084915 6.069041293e+10 5306719194 652 
1.923076923 5.924299366e+10 5334754006 588 
1.931068931 6.397152071e+10 5556941796 638 
1.939060939 5.870100087e+10 5168195963 683 
1.947052947 5.529773953e+10 5048639589 658 
1.955044955 7.208343828e+10 5790938679 670 
1.963036963 6.145802322e+10 5239748646 701 
1.971028971 5.933349698e+10 5069978606 672 
1.979020979 6.303817155e+10 5325282521 695 
1.987012987 6.115328331e+10 5225272202 664 
1.995004995 6.962963948e+10 5527724112 707 
2.002997003 5.856598706e+10 5004819835 696 
2.010989011 5.855027489e+10 5037747577 723 
2.018981019 7.314974972e+10 5548655829 741 
2.026973027 7.510475838e+10 5675982639 738 
2.034965035 6.721351362e+10 5337953276 726 
2.042957043 5.639342698e+10 4880330752 650 
2.050949051 7.612898265e+10 5649824288 749 
2.058941059 7.459312453e+10 5510757056 766 
2.066933067 6.528003448e+10 5211386800 747 
2.074925075 6.254509905e+10 4996904622 729 
2.082917083 7.018967431e+10 5248922635 773 
2.090909091 6.275604687e+10 5029216362 721 
2.098901099 6.75663461e+10 5134800484 758 
2.106893107 7.265068505e+10 5328948643 765 
2.114885115 6.718002649e+10 5043394429 804 
2.122877123 7.104900601e+10 5239809434 816 
2.130869131 7.376513968e+10 5225785990 846 
2.138861139 6.9679724e+10 5137896743 790 
2.146853147 7.535107925e+10 5330151343 865 
2.154845155 6.555313993e+10 4973000949 840 
2.162837163 7.494405368e+10 5158700607 859 
2.170829171 6.636903545e+10 4876136660 812 
2.178821179 7.510815061e+10 5162450190 836 
2.186813187 6.953002206e+10 4978916541 812 
2.194805195 5.9690513e+10 4595235168 805 
2.202797203 6.882282392e+10 4893584367 817 
2.210789211 6.782537039e+10 4883958067 816 
2.218781219 7.075132984e+10 4956286059 865 
2.226773227 7.256494874e+10 4998958397 878 
2.234765235 7.024748109e+10 4891051195 851 
2.242757243 7.301124497e+10 4913768443 913 
2.250749251 7.288547821e+10 4937329828 902 
2.258741259 7.66419734e+10 4945950645 929 
2.266733267 7.891940752e+10 5071204828 886 
2.274725275 7.747794505e+10 5006191818 853 
2.282717283 7.776186847e+10 4961042868 914 
2.290709291 8.375377875e+10 5166952302 921 
2.298701299 7.405264907e+10 4808505337 891 
2.306693307 6.991559955e+10 4640317629 926 
2.314685315 8.399256514e+10 5131956645 976 
2.322677323 8.244310414e+10 4952017737 945 
2.330669331 8.161695488e+10 5015279521 916 
2.338661339 7.736450845e+10 4821030896 925 
2.346653347 7.914483247e+10 4837941565 939 
2.354645355 7.474330787e+10 4706815284 920 
2.362637363 8.426744677e+10 5009415854 955 
2.370629371 7.109076319e+10 4488684188 922 
2.378621379 6.657392332e+10 4317674058 938 
2.386613387 7.523862281e+10 4589252409 955 
2.394605395 8.655324129e+10 4956846438 988 
2.402597403 7.545532827e+10 4566203792 988 
2.410589411 7.649095527e+10 4597853754 1007 
2.418581419 7.298220403e+10 4473903396 943 
2.426573427 7.268843708e+10 4463344866 938 
2.434565435 7.962536911e+10 4631688710 1005 
2.442557443 7.436012226e+10 4381421469 991 
2.450549451 8.888706831e+10 4851775370 1038 
2.458541459 8.025286286e+10 4619389008 1033 
2.466533467 7.247352924e+10 4347867486 963 
2.474525475 8.225310458e+10 4654600848 1061 
2.482517483 7.423897625e+10 4313892548 998 
2.490509491 7.47048348e+10 4334265487 1006 
2.498501499 8.712658668e+10 4669170180 1035 
2.506493506 8.754346717e+10 4658443797 1077 
2.514485514 8.708887866e+10 4666033818 1052 
2.522477522 8.670370196e+10 4652172383 1055 
2.53046953 8.869421156e+10 4700098939 1019 
2.538461538 8.555891716e+10 4514841278 1100 
2.546453546 8.731747365e+10 4603093368 1021 
2.554445554 8.497314998e+10 4525216548 1045 
2.562437562 7.885271545e+10 4297291491 1005 
2.57042957 8.238622702e+10 4391849520 1049 
2.578421578 8.017046248e+10 4295363207 1013 
2.586413586 9.297354496e+10 4646409871 1060 
2.594405594 9.121215567e+10 4565746463 1136 
2.602397602 8.941695614e+10 4509449024 1072 
2.61038961 8.234355274e+10 4298164766 1010 
2.618381618 9.104272815e+10 4491350962 1081 
2.626373626 9.171265654e+10 4516844316 1127 
2.634365634 9.096034932e+10 4500241466 1128 
2.642357642 1.022417579e+11 4794497084 1112 
2.65034965 9.658765432e+10 4551651704 1157 
2.658341658 8.568559567e+10 4266884663 1097 
2.666333666 8.659136171e+10 4272303387 1092 
2.674325674 9.651238208e+10 4540382184 1148 
2.682317682 9.379502249e+10 4422839452 1169 
2.69030969 9.744004378e+10 4532420859 1164 
2.698301698 8.974413309e+10 4286517663 1116 
2.706293706 9.728000558e+10 4509125921 1129 
2.714285714 8.97198829e+10 4278706951 1135 
2.722277722 1.020113816e+11 4537790836 1196 
2.73026973 9.333778494e+10 4359123937 1127 
2.738261738 8.728645939e+10 4163078651 1071 
2.746253746 1.023669751e+11 4488690398 1200 
2.754245754 9.810824058e+10 4410823416 1191 
2.762237762 1.053681565e+11 4560224127 1209 
2.77022977 9.950411626e+10 4441870101 1196 
2.778221778 9.572435755e+10 4278203599 1115 
2.786213786 1.020132105e+11 4431413133 1175 
2.794205794 1.046323985e+11 4509843549 1197 
2.802197802 1.007739108e+11 4357158069 1196 
2.81018981 9.736587183e+10 4266493088 1210 
2.818181818 1.015851401e+11 4399825407 1204 
2.826173826 9.685399766e+10 4239490756 1174 
2.834165834 9.575633611e+10 4211754404 1115 
2.842157842 9.569404893e+10 4163633091 1206 
2.85014985 1.036951905e+11 4378617394 1158 
2.858141858 1.030978565e+11 4361220337 1218 
2.866133866 1.015536603e+11 4279618996 1211 
2.874125874 1.00637015e+11 4272056998 1180 
2.882117882 1.052299915e+11 4315507297 1225 
2.89010989 1.037679503e+11 4328902196 1223 
2.898101898 1.071270913e+11 4395531020 1216 
2.906093906 9.811040509e+10 4151067679 1191 
2.914085914 1.001569953e+11 4181071825 1172 
2.922077922 9.501652369e+10 4079355701 1219 
2.93006993 1.040122401e+11 4235609290 1302 
2.938061938 1.010966782e+11 4193413206 1180 
2.946053946 1.137025669e+11 4422160235 1301 
2.954045954 1.109259352e+11 4372354765 1248 
2.962037962 9.949741289e+10 4098698166 1187 
2.97002997 1.000610391e+11 4103485356 1204 
2.978021978 1.018849291e+11 4139670778 1231 
2.986013986 1.111899777e+11 4343158955 1230 
2.994005994 9.900207699e+10 4043217684 1237 
3.001998002 1.075355254e+11 4236366150 1267 
3.00999001 1.143672039e+11 4379404116 1290 
3.017982018 1.116070502e+11 4314860964 1280 
3.025974026 1.130346108e+11 4317754239 1303 
3.033966034 1.028030444e+11 4080402499 1259 
3.041958042 1.10734134e+11 4258579064 1277 
3.04995005 1.057823134e+11 4114301036 1288 
3.057942058 1.082729166e+11 4190097207 1287 
3.065934066 1.106424917e+11 4216388079 1339 
3.073926074 1.107536047e+11 4220399624 1255 
3.081918082 1.064365058e+11 4122446780 1278 
3.08991009 1.054105469e+11 4074612516 1275 
3.097902098 1.104266645e+11 4158216083 1313 
3.105894106 1.174873887e+11 4284240579 1354 
3.113886114 1.134727328e+11 4220413972 1266 
3.121878122 1.084269449e+11 4114402867 1287 
3.12987013 1.047499789e+11 4010786397 1277 
3.137862138 1.141108778e+11 4197014634 1315 
3.145854146 1.040134712e+11 3961523224 1292 
3.153846154 1.040930919e+11 3994396567 1285 
3.161838162 1.103165282e+11 4120500114 1263 
3.16983017 1.123919856e+11 4128223839 1293 
3.177822178 1.073869691e+11 4017665558 1284 
3.185814186 1.080341751e+11 4023519691 1318 
3.193806194 1.104701618e+11 4081930128 1313 
3.201798202 1.121896154e+11 4093279190 1292 
3.20979021 1.163915282e+11 4167876495 1365 
3.217782218 1.183705408e+11 4200591653 1366 
3.225774226 1.123329826e+11 4058233660 1341 
3.233766234 1.101153791e+11 4000118669 1351 
3.241758242 1.119602993e+11 4036329536 1339 
3.24975025 1.1131906e+11 4019643249 1360 
3.257742258 1.134060046e+11 4040406341 1352 
3.265734266 1.128907462e+11 4035137125 1362 
3.273726274 1.104423624e+11 3960359575 1328 
3.281718282 1.16017731e+11 4062618978 1347 
3.28971029 1.144828783e+11 4041933817 1368 
3.297702298 1.162958993e+11 4067839468 1373 
3.305694306 1.113575978e+11 3926988166 1372 
3.313686314 1.181885714e+11 4080979696 1429 
3.321678322 1.129551663e+11 3961079455 1383 
3.32967033 1.175868033e+11 4053083241 1397 
3.337662338 1.170251979e+11 4031935843 1418 
3.345654346 1.125947722e+11 3948548180 1363 
3.353646354 1.058503107e+11 3809322470 1339 
3.361638362 1.170222002e+11 4009406186 1382 
3.36963037 1.140700062e+11 3961306695 1381 
3.377622378 1.12448021e+11 3882351860 1372 
3.385614386 1.126243769e+11 3888543340 1367 
3.393606394 1.217492953e+11 4051539179 1435 
3.401598402 1.14078379e+11 3907667296 1368 
3.40959041 1.215753879e+11 4024916204 1433 
3.417582418 1.234427146e+11 4062232336 1450 
3.425574426 1.115832176e+11 3845052474 1335 
3.433566434 1.140892513e+11 3878806448 1362 
3.441558442 1.113392345e+11 3830806158 1386 
3.44955045 1.178910298e+11 3931559763 1437 
3.457542458 1.132960757e+11 3853733386 1385 
3.465534466 1.146934686e+11 3877336272 1380 
3.473526474 1.13482014e+11 3834289278 1406 
3.481518482 1.082736816e+11 3733414866 1357 
3.48951049 1.186854366e+11 3903151059 1421 
3.497502498 1.219938258e+11 3963136187 1473 
3.505494505 1.106249728e+11 3744111307 1393 
3.513486513 1.057316753e+11 3652579419 1364 
3.521478521 1.124057671e+11 3754290815 1408 
3.529470529 1.137361129e+11 3754404518 1412 
3.537462537 1.074113945e+11 3669420488 1387 
3.545454545 1.14145701e+11 3781823529 1387 
3.553446553 1.104831496e+11 3698100148 1389 
3.561438561 1.064374057e+11 3619538291 1340 
3.569430569 1.262594963e+11 3956476140 1506 
3.577422577 1.095817924e+11 3670517695 1416 
3.585414585 1.179193275e+11 3796520464 1470 
3.593406593 1.134431046e+11 3701562853 1433 
3.601398601 1.121642464e+11 3685823352 1407 
3.609390609 1.156610218e+11 3723970643 1486 
3.617382617 1.170865799e+11 3756863876 1442 
3.625374625 1.146337442e+11 3699078477 1451 
3.633366633 1.163451788e+11 3712049867 1480 
3.641358641 1.157853579e+11 3711825715 1433 
3.649350649 1.112126523e+11 3630456814 1431 
3.657342657 1.115413246e+11 3629464166 1409 
3.665334665 1.149888148e+11 3658595648 1469 
3.673326673 1.205166359e+11 3757007596 1514 
3.681318681 1.123542936e+11 3625231220 1417 
3.689310689 1.142109761e+11 3631430041 1488 
3.697302697 1.124824385e+11 3596756619 1456 
3.705294705 1.131055861e+11 3601205437 1446 
3.713286713 1.195541276e+11 3682075722 1549 
3.721278721 1.150101411e+11 3614111001 1473 
3.729270729 1.101090786e+11 3540289455 1452 
3.737262737 1.143099009e+11 3598532368 1511 
3.745254745 1.086506578e+11 3495775325 1411 
3.753246753 1.142070362e+11 3567756169 1504 
3.761238761 1.063029825e+11 3429924773 1409 
3.769230769 1.089803536e+11 3484133425 1474 
3.777222777 1.154268069e+11 3574643763 1501 
3.785214785 1.172214227e+11 3589671915 1566 
3.793206793 1.120725828e+11 3498203647 1477 
3.801198801 1.144438766e+11 3539978616 1530 
3.809190809 1.181694379e+11 3602825148 1554 
3.817182817 1.196085043e+11 3616175194 1579 
3.825174825 1.117087842e+11 3477716962 1477 
3.833166833 1.112951289e+11 3456455697 1466 
3.841158841 1.105473803e+11 3434851466 1501 
3.849150849 1.1549666e+11 3511806337 1537 
3.857142857 1.106695788e+11 3425054033 1516 
3.865134865 1.09936987e+11 3406164314 1473 
3.873126873 1.075806627e+11 3354594874 1475 
3.881118881 1.109217807e+11 3412480413 1493 
3.889110889 1.158148651e+11 3467815510 1592 
3.897102897 1.117625152e+11 3404004266 1566 
3.905094905 1.138084465e+11 3419729989 1530 
3.913086913 1.071483308e+11 3309154117 1500 
3.921078921 1.072083225e+11 3308532345 1488 
3.929070929 1.064268417e+11 3296149304 1531 
3.937062937 1.117906908e+11 3361588436 1607 
3.945054945 1.102593323e+11 3358737679 1523 
3.953046953 1.136849301e+11 3370585087 1586 
3.961038961 1.085272303e+11 3288101289 1557 
3.969030969 1.069318662e+11 3254844223 1552 
3.977022977 1.048537701e+11 3215609438 1524 
3.985014985 1.045120731e+11 3198227862 1554 
3.993006993 1.123322261e+11 3321270904 1600 
4.000999001 1.092191603e+11 3267634541 1569 
4.008991009 1.064809995e+11 3229503146 1535 
4.016983017 1.109419601e+11 3285828404 1590 
4.024975025 1.19564917e+11 3414706939 1666 
4.032967033 1.081101279e+11 3239126284 1586 
4.040959041 1.07257476e+11 3208831656 1555 
4.048951049 1.081738587e+11 3218420695 1574 
4.056943057 1.016725614e+11 3131061189 1471 
4.064935065 1.054430816e+11 3168799231 1537 
4.072927073 1.123009367e+11 3269645057 1634 
4.080919081 1.02198147e+11 3111825464 1519 
4.088911089 1.075259477e+11 3180503828 1601 
4.096903097 1.076322497e+11 3177853671 1585 
4.104895105 1.07961204e+11 3180254513 1601 
4.112887113 1.060684684e+11 3136556795 1600 
4.120879121 1.056072933e+11 3132182539 1579 
4.128871129 1.089596484e+11 3181489935 1593 
4.136863137 1.072925594e+11 3158477586 1589 
4.144855145 1.07222681e+11 3139656742 1611 
4.152847153 1.058447063e+11 3103771432 1623 
4.160839161 1.083073997e+11 3137940936 1636 
4.168831169 1.053961529e+11 3083758487 1589 
4.176823177 1.017983453e+11 3025579935 1577 
4.184815185 1.023099447e+11 3036421947 1587 
4.192807193 1.044023153e+11 3062909557 1616 
4.200799201 1.041232314e+11 3049322563 1577 
4.208791209 1.08846478e+11 3113393089 1675 
4.216783217 1.055230915e+11 3059735186 1624 
4.224775225 1.035631951e+11 3019248794 1654 
4.232767233 1.025244179e+11 3000803356 1580 
4.240759241 1.034540219e+11 3018213838 1600 
4.248751249 1.049422352e+11 3024979180 1633 
4.256743257 1.030680382e+11 2985999263 1590 
4.264735265 1.031561451e+11 2983552184 1625 
4.272727273 9.813060384e+10 2904814000 1551 
4.280719281 1.021758613e+11 2961096466 1637 
4.288711289 1.018936317e+11 2946295929 1619 
4.296703297 9.946824003e+10 2903309074 1591 
4.304695305 9.886187536e+10 2900082571 1601 
4.312687313 9.452080196e+10 2832192945 1525 
4.320679321 9.84732045e+10 2875965405 1579 
4.328671329 1.025573607e+11 2930956402 1670 
4.336663337 9.762391846e+10 2840932758 1608 
4.344655345 1.015146155e+11 2895064148 1666 
4.352647353 9.906789276e+10 2858427394 1606 
4.360639361 1.013295308e+11 2885221617 1666 
4.368631369 1.024076564e+11 2900108817 1668 
4.376623377 9.768120213e+10 2825650604 1599 
4.384615385 1.001263866e+11 2862966160 1682 
4.392607393 9.588983134e+10 2802010450 1590 
4.400599401 9.509927908e+10 2770974388 1622 
4.408591409 9.634788555e+10 2783675650 1617 
4.416583417 9.768115682e+10 2800249859 1682 
4.424575425 1.009661985e+11 2827305769 1715 
4.432567433 9.467672352e+10 2737499437 1646 
4.440559441 9.635267114e+10 2766136749 1631 
4.448551449 9.615813116e+10 2757422167 1642 
4.456543457 9.832590034e+10 2767853133 1698 
4.464535465 9.649786913e+10 2748108443 1631 
4.472527473 9.392398893e+10 2693319457 1648 
4.480519481 9.809033604e+10 2767672726 1691 
4.488511489 9.486432317e+10 2721058553 1630 
4.496503497 9.487757775e+10 2697103504 1680 
4.504495504 9.662401045e+10 2725033732 1688 
4.512487512 9.631087391e+10 2705365531 1707 
4.52047952 9.645825343e+10 2715794660 1671 
4.528471528 8.913120105e+10 2599808834 1600 
4.536463536 9.399222871e+10 2658096020 1708 
4.544455544 9.77821817e+10 2710388676 1730 
4.552447552 9.532638288e+10 2671364286 1733 
4.56043956 9.251970376e+10 2633251770 1675 
4.568431568 9.559962773e+10 2650937310 1734 
4.576423576 9.627450797e+10 2667723243 1695 
4.584415584 8.795725042e+10 2549650913 1615 
4.592407592 9.670273462e+10 2656233309 1754 
4.6003996 9.153144615e+10 2587563512 1717 
4.608391608 8.962253834e+10 2543854000 1700 
4.616383616 9.741521799e+10 2656898229 1757 
4.624375624 9.239376381e+10 2577663071 1726 
4.632367632 9.30535923e+10 2583142834 1709 
4.64035964 9.379519953e+10 2593548770 1756 
4.648351648 9.564575911e+10 2612431744 1791 
4.656343656 9.39740945e+10 2578396943 1786 
4.664335664 9.202765827e+10 2540566163 1765 
4.672327672 9.248699253e+10 2547265263 1747 
4.68031968 9.03809317e+10 2515401324 1740 
4.688311688 9.388554512e+10 2557754179 1780 
4.696303696 8.862964078e+10 2478931379 1699 
4.704295704 8.840369527e+10 2481415603 1664 
4.712287712 8.885565745e+10 2459136100 1744 
4.72027972 8.790962392e+10 2464619897 1701 
4.728271728 9.170040132e+10 2516230547 1760 
4.736263736 8.978495441e+10 2471093295 1763 
4.744255744 9.004871435e+10 2473952476 1779 
4.752247752 8.780916227e+10 2425773156 1735 
4.76023976 8.796347381e+10 2422619554 1778 
4.768231768 8.711960918e+10 2414418166 1758 
4.776223776 8.784008407e+10 2417370910 1759 
4.784215784 8.538685673e+10 2381675017 1729 
4.792207792 8.643768412e+10 2382723194 1769 
4.8001998 8.594601029e+10 2374510745 1763 
4.808191808 8.071252768e+10 2291636779 1681 
4.816183816 8.787482438e+10 2393674534 1801 
4.824175824 8.78222351e+10 2397985955 1798 
4.832167832 8.059986929e+10 2279904781 1697 
4.84015984 8.121381237e+10 2289377803 1713 
4.848151848 8.219090448e+10 2287642877 1753 
4.856143856 8.2931682e+10 2302943155 1711 
4.864135864 8.45748181e+10 2315501059 1782 
4.872127872 8.184970443e+10 2273329188 1763 
4.88011988 8.513244614e+10 2317821150 1792 
4.888111888 8.828579021e+10 2358479052 1862 
4.896103896 8.449007759e+10 2301632131 1804 
4.904095904 8.309816477e+10 2279441249 1785 
4.912087912 8.321871372e+10 2267332815 1815 
4.92007992 8.347360734e+10 2270402174 1781 
4.928071928 8.060819081e+10 2228923729 1731 
4.936063936 8.138466021e+10 2232670855 1822 
4.944055944 8.367672824e+10 2262790219 1805 
4.952047952 8.287404712e+10 2257456904 1789 
4.96003996 8.67835469e+10 2299108418 1865 
4.968031968 8.129624475e+10 2213746059 1804 
4.976023976 8.370705672e+10 2244532981 1839 
4.984015984 8.218046622e+10 2218694532 1824 
4.992007992 7.908393786e+10 2169676991 1844 
5 8.423210097e+10 2235221817 1894 
5.007992008 7.97784132e+10 2170291661 1833 
5.015984016 7.945104445e+10 2161958475 1799 
5.023976024 7.999327533e+10 2158748650 1857 
5.031968032 8.072370015e+10 2164388837 1855 
5.03996004 7.781371524e+10 2124163110 1780 
5.047952048 8.231097389e+10 2186150544 1925 
5.055944056 7.416036381e+10 2065643102 1769 
5.063936064 8.155965897e+10 2159713976 1903 
5.071928072 7.937335811e+10 2131506526 1833 
5.07992008 7.554295049e+10 2073170326 1799 
5.087912088 7.906374611e+10 2114725423 1859 
5.095904096 7.781475989e+10 2095288353 1859 
5.103896104 7.592066828e+10 2060192374 1831 
5.111888112 7.817415822e+10 2095430626 1871 
5.11988012 7.690370333e+10 2071953828 1869 
5.127872128 7.513320157e+10 2036861628 1833 
5.135864136 7.738534764e+10 2065519877 1884 
5.143856144 7.941621604e+10 2094394524 1917 
5.151848152 7.536063491e+10 2037142777 1858 
5.15984016 7.310643403e+10 1992264649 1824 
5.167832168 7.81376988e+10 2058136264 1950 
5.175824176 7.496355398e+10 2016916180 1889 
5.183816184 8.016794633e+10 2075672586 1970 
5.191808192 7.604535249e+10 2022980356 1895 
5.1998002 7.171798115e+10 1957668163 1817 
5.207792208 7.732231897e+10 2030752201 1935 
5.215784216 7.541624443e+10 1994418345 1961 
5.223776224 7.15039623e+10 1943851484 1855 
5.231768232 7.583233471e+10 1995855989 1955 
5.23976024 7.298492392e+10 1959412369 1876 
5.247752248 7.416142948e+10 1966829860 1921 
5.255744256 7.292046643e+10 1943372765 1905 
5.263736264 7.301767741e+10 1941770833 1948 
5.271728272 7.519122415e+10 1971819062 1942 
5.27972028 7.528398683e+10 1961789201 1982 
5.287712288 7.097672839e+10 1907107755 1869 
5.295704296 7.296782584e+10 1928804202 1885 
5.303696304 7.287741237e+10 1920191526 1954 
5.311688312 6.736136978e+10 1839382439 1845 
5.31968032 6.985124242e+10 1874627354 1908 
5.327672328 7.461309168e+10 1934602471 2007 
5.335664336 6.645529441e+10 1817632714 1833 
5.343656344 7.16514146e+10 1883535322 1973 
5.351648352 7.195754759e+10 1877993011 2001 
5.35964036 7.096138228e+10 1873079949 1928 
5.367632368 7.060831971e+10 1856835835 1972 
5.375624376 7.220858975e+10 1874763312 2022 
5.383616384 6.997159865e+10 1843657163 1947 
5.391608392 7.032610051e+10 1841310461 1955 
5.3996004 6.906948191e+10 1826833028 1958 
5.407592408 6.759174245e+10 1801984084 1909 
5.415584416 7.017329462e+10 1830235952 1980 
5.423576424 6.857704014e+10 1798823142 1974 
5.431568432 6.591797522e+10 1761178152 1938 
5.43956044 7.227768358e+10 1842747735 2059 
5.447552448 6.551055587e+10 1753774548 1937 
5.455544456 6.706156427e+10 1762717649 1979 
5.463536464 7.026787465e+10 1806215790 2065 
5.471528472 6.765084063e+10 1767118997 2019 
5.47952048 6.843476862e+10 1777773166 2007 
5.487512488 6.860639433e+10 1775333572 2004 
5.495504496 6.941183993e+10 1783503273 2047 
5.503496503 6.667020012e+10 1743304569 2012 
5.511488511 6.829228927e+10 1760062128 2037 
5.519480519 6.77886288e+10 1751541792 2032 
5.527472527 6.71648289e+10 1742004819 2036 
5.535464535 6.476312377e+10 1703845167 1998 
5.543456543 6.740677397e+10 1736375650 2046 
5.551448551 6.569509315e+10 1713342702 2036 
5.559440559 6.758888991e+10 1728492974 2064 
5.567432567 6.681194464e+10 1711120628 2063 
5.575424575 6.799087948e+10 1724159306 2113 
5.583416583 6.200670982e+10 1642508350 1965 
5.591408591 6.543291655e+10 1684633272 2059 
5.599400599 6.655312794e+10 1697516719 2080 
5.607392607 6.660914162e+10 1694024305 2087 
5.615384615 6.658156471e+10 1690711971 2117 
5.623376623 6.28498627e+10 1638246665 2020 
5.631368631 6.215909526e+10 1625219627 2034 
5.639360639 6.681974416e+10 1685992427 2136 
5.647352647 6.281690903e+10 1626351735 2025 
5.655344655 6.044114431e+10 1598537433 1993 
5.663336663 6.226835407e+10 1612600271 2044 
5.671328671 6.068872883e+10 1587100566 1999 
5.679320679 6.327007414e+10 1621530933 2073 
5.687312687 6.500395317e+10 1639519064 2166 
5.695304695 6.312464903e+10 1610010947 2097 
5.703296703 6.170869287e+10 1586719097 2085 
5.711288711 6.308837833e+10 1602699697 2142 
5.719280719 6.067868169e+10 1571602262 2037 
5.727272727 5.933310528e+10 1556278546 2008 
5.735264735 5.917511463e+10 1538559524 2034 
5.743256743 6.299558361e+10 1595743574 2156 
5.751248751 6.055167146e+10 1558403873 2073 
5.759240759 6.138094181e+10 1558546882 2106 
5.767232767 6.277241413e+10 1580910391 2144 
5.775224775 6.155100759e+10 1559246304 2135 
5.783216783 6.159237492e+10 1554141821 2154 
5.791208791 5.893638969e+10 1518425731 2105 
5.799200799 5.815811472e+10 1501289991 2103 
5.807192807 5.912708123e+10 1514905866 2113 
5.815184815 5.870160231e+10 1505284468 2086 
5.823176823 5.956205122e+10 1509960068 2135 
5.831168831 5.790798182e+10 1491771464 2103 
5.839160839 5.862086123e+10 1491657623 2122 
5.847152847 5.570250924e+10 1454704474 2033 
5.855144855 5.777185424e+10 1477059848 2108 
5.863136863 5.697367597e+10 1467982357 2066 
5.871128871 5.711511016e+10 1464534422 2123 
5.879120879 5.803225455e+10 1472445222 2119 
5.887112887 5.471820994e+10 1426376044 2039 
5.895104895 5.743417981e+10 1466158479 2125 
5.903096903 5.578848934e+10 1432887159 2144 
5.911088911 5.585372819e+10 1435684934 2100 
5.919080919 5.627764477e+10 1432692843 2169 
5.927072927 5.695708778e+10 1441814468 2152 
5.935064935 5.870691911e+10 1461125210 2211 
5.943056943 5.806624768e+10 1447168581 2255 
5.951048951 5.66855918e+10 1427382443 2179 
5.959040959 5.739219902e+10 1438958678 2178 
5.967032967 5.393348855e+10 1382926115 2150 
5.975024975 5.46215964e+10 1388662799 2126 
5.983016983 5.455350428e+10 1384169079 2157 
5.991008991 5.42183547e+10 1379725171 2162 
5.999000999 5.557032206e+10 1393598040 2159 
6.006993007 5.617350373e+10 1395697045 2223 
6.014985015 5.520988086e+10 1387513600 2158 
6.022977023 5.498504826e+10 1376642681 2210 
6.030969031 5.395366891e+10 1361682920 2160 
6.038961039 5.463350552e+10 1366610414 2200 
6.046953047 5.154396101e+10 1326546613 2124 
6.054945055 5.276958321e+10 1339015724 2165 
6.062937063 5.492127008e+10 1359609257 2225 
6.070929071 5.228237935e+10 1327108655 2191 
6.078921079 5.321143035e+10 1338399475 2194 
6.086913087 5.222108943e+10 1321406182 2138 
6.094905095 5.146370647e+10 1306448191 2181 
6.102897103 5.194542554e+10 1308846705 2173 
6.110889111 5.181427472e+10 1306426925 2168 
6.118881119 5.20517161e+10 1306123270 2187 
6.126873127 5.113103912e+10 1292645947 2142 
6.134865135 5.088247736e+10 1284013806 2213 
6.142857143 5.145264441e+10 1291692542 2217 
6.150849151 5.004249256e+10 1270117381 2178 
6.158841159 5.225421602e+10 1297592348 2238 
6.166833167 5.447696696e+10 1323333102 2318 
6.174825175 5.032019321e+10 1264610710 2224 
6.182817183 4.904097806e+10 1244301309 2197 
6.190809191 5.167422314e+10 1281489323 2292 
6.198801199 5.043683053e+10 1258530726 2243 
6.206793207 5.085965812e+10 1264271780 2240 
6.214785215 4.882496053e+10 1233970630 2189 
6.222777223 4.837195287e+10 1222712083 2230 
6.230769231 4.966036203e+10 1238478065 2260 
6.238761239 4.910020002e+10 1232286238 2241 
6.246753247 4.920013727e+10 1229222150 2233 
6.254745255 4.987046826e+10 1232597486 2273 
6.262737263 4.851777176e+10 1217587834 2214 
6.270729271 4.884462849e+10 1218194943 2262 
6.278721279 4.775221556e+10 1199492896 2213 
6.286713287 4.798377644e+10 1198596510 2217 
6.294705295 4.950012011e+10 1218287811 2292 
6.302697303 4.892980482e+10 1209030837 2324 
6.310689311 4.884962653e+10 1207128568 2262 
6.318681319 4.778576224e+10 1188086565 2240 
6.326673327 4.776381545e+10 1185595355 2252 
6.334665335 4.797612397e+10 1184284675 2338 
6.342657343 4.96073725e+10 1206438309 2356 
6.350649351 4.699814367e+10 1167909627 2279 
6.358641359 4.754101634e+10 1170516695 2309 
6.366633367 4.800111372e+10 1178726363 2288 
6.374625375 4.718278712e+10 1158905299 2294 
6.382617383 4.804692842e+10 1174752478 2360 
6.390609391 4.729215121e+10 1162748117 2309 
6.398601399 4.417770382e+10 1115417962 2193 
6.406593407 4.819034116e+10 1172081737 2319 
6.414585415 4.590574304e+10 1134493868 2294 
6.422577423 4.531046706e+10 1124863322 2290 
6.430569431 4.482137345e+10 1117338089 2232 
6.438561439 4.484545758e+10 1115356519 2281 
6.446553447 4.61493616e+10 1127828454 2324 
6.454545455 4.521097019e+10 1117296525 2304 
6.462537463 4.69797357e+10 1133010875 2405 
6.470529471 4.298653551e+10 1078933342 2269 
6.478521479 4.811544055e+10 1144980167 2418 
6.486513487 4.494840327e+10 1102037086 2332 
6.494505495 4.449223562e+10 1094866380 2268 
6.502497502 4.537891808e+10 1100930156 2363 
6.51048951 4.395389479e+10 1080736936 2310 
6.518481518 4.619114244e+10 1106454539 2424 
6.526473526 4.610526982e+10 1109300524 2391 
6.534465534 4.542388994e+10 1096873348 2360 
6.542457542 4.50272208e+10 1094323796 2322 
6.55044955 4.4520784e+10 1081606022 2341 
6.558441558 4.157248353e+10 1039763085 2220 
6.566433566 4.414424332e+10 1073031597 2348 
6.574425574 4.196892152e+10 1039585710 2309 
6.582417582 4.281072804e+10 1050871093 2338 
6.59040959 4.291213954e+10 1051760146 2314 
6.598401598 4.289951863e+10 1046172223 2356 
6.606393606 4.333747554e+10 1049413046 2373 
6.614385614 4.2371938e+10 1033908066 2323 
6.622377622 4.271323339e+10 1036831174 2341 
6.63036963 4.310639219e+10 1039565449 2393 
6.638361638 4.22635846e+10 1028140081 2381 
6.646353646 4.209559126e+10 1024307682 2366 
6.654345654 4.266131579e+10 1030824636 2374 
6.662337662 4.132192207e+10 1011013176 2347 
6.67032967 4.091703562e+10 1000802738 2305 
6.678321678 4.393506435e+10 1037921865 2463 
6.686313686 4.228796282e+10 1014232812 2349 
6.694305694 4.378790312e+10 1028117704 2489 
6.702297702 4.125678062e+10 998185193 2371 
6.71028971 4.083340638e+10 991755783.6 2365 
6.718281718 4.293377663e+10 1017283248 2449 
6.726273726 4.074400868e+10 985529231 2411 
6.734265734 4.040762367e+10 977933221.2 2362 
6.742257742 4.159487351e+10 993118118.5 2413 
6.75024975 4.241454446e+10 999981951.9 2533 
6.758241758 4.081876898e+10 980438375.4 2407 
6.766233766 3.951482602e+10 960091239.7 2373 
6.774225774 4.121745987e+10 977299671.3 2487 
6.782217782 4.054273257e+10 968979366.6 2391 
6.79020979 4.058736038e+10 968873517.5 2451 
6.798201798 4.002124944e+10 956619846.8 2387 
6.806193806 3.941984207e+10 948283246.2 2408 
6.814185814 3.83859739e+10 936254415.5 2326 
6.822177822 4.014442336e+10 956849230.6 2433 
6.83016983 3.767993482e+10 921996877.7 2357 
6.838161838 3.715444925e+10 912074569.6 2330 
6.846153846 3.956429539e+10 939389061.2 2487 
6.854145854 3.942454534e+10 939778263.3 2432 
6.862137862 3.818591383e+10 923007004.3 2391 
6.87012987 4.024104339e+10 942883144 2532 
6.878121878 3.934667049e+10 935574395.7 2463 
6.886113886 3.825678569e+10 918331897.9 2394 
6.894105894 4.008798762e+10 936828772.3 2503 
6.902097902 3.950840229e+10 929857513.3 2465 
6.91008991 3.761084226e+10 903855665.3 2369 
6.918081918 3.878867274e+10 914929818 2494 
6.926073926 3.825537423e+10 908062108.7 2464 
6.934065934 3.737740419e+10 894816218.7 2407 
6.942057942 3.884546017e+10 909238196.7 2547 
6.95004995 3.666740124e+10 880813626 2461 
6.958041958 3.671492763e+10 882499458.1 2449 
6.966033966 3.761922207e+10 889913884.5 2508 
6.974025974 3.72270257e+10 882842564.8 2469 
6.982017982 3.843260303e+10 897201017.8 2528 
6.99000999 3.734520619e+10 883571584.7 2493 
6.998001998 3.636913185e+10 868294220.5 2433 
7.005994006 3.599559887e+10 862256494.6 2428 
7.013986014 3.483260189e+10 845559013.7 2384 
7.021978022 3.619416251e+10 859574463.2 2466 
7.02997003 3.66189773e+10 863206068.9 2510 
7.037962038 3.762818862e+10 874000984.6 2553 
7.045954046 3.591829485e+10 849814960.5 2446 
7.053946054 3.545656013e+10 844510544.6 2454 
7.061938062 3.466881242e+10 835312239.6 2416 
7.06993007 3.691144742e+10 860728856.1 2508 
7.077922078 3.744991759e+10 864305882.1 2605 
7.085914086 3.666472814e+10 852470351.5 2552 
7.093906094 3.526936764e+10 833262182.6 2508 
7.101898102 3.543534276e+10 834383421.1 2474 
7.10989011 3.532426041e+10 831944054.1 2497 
7.117882118 3.466233759e+10 821281772.5 2477 
7.125874126 3.549829778e+10 828379654.7 2532 
7.133866134 3.461248917e+10 818279155.7 2528 
7.141858142 3.511657555e+10 823388043.4 2486 
7.14985015 3.544912967e+10 826347897.2 2536 
7.157842158 3.520229014e+10 822109049.4 2526 
7.165834166 3.490166504e+10 813360045.3 2561 
7.173826174 3.497388451e+10 811450176.6 2538 
7.181818182 3.439075961e+10 805969954.3 2519 
7.18981019 3.505203501e+10 811282309.3 2548 
7.197802198 3.42018914e+10 795430163.9 2577 
7.205794206 3.467569387e+10 804827413.3 2591 
7.213786214 3.405508361e+10 794858253.6 2538 
7.221778222 3.400309719e+10 793308147.3 2539 
7.22977023 3.35982429e+10 786115513.9 2562 
7.237762238 3.3512973e+10 783280756.4 2559 
7.245754246 3.251568924e+10 770434073.7 2446 
7.253746254 3.284886357e+10 774180013 2480 
7.261738262 3.291603335e+10 773064234.5 2519 
7.26973027 3.277743416e+10 769276579.2 2478 
7.277722278 3.386776595e+10 778879730.8 2604 
7.285714286 3.245946535e+10 760228808.5 2514 
7.293706294 3.333341845e+10 770054261.7 2603 
7.301698302 3.189836377e+10 750937430.8 2494 
7.30969031 3.230553278e+10 756350212.3 2565 
7.317682318 3.200823139e+10 750624751.6 2509 
7.325674326 3.216155502e+10 751385112.7 2503 
7.333666334 3.234345821e+10 751912580.1 2542 
7.341658342 3.316452652e+10 763032234.8 2555 
7.34965035 3.180568803e+10 743191751.3 2528 
7.357642358 3.126080504e+10 732927660.6 2525 
7.365634366 3.180777984e+10 740821900.1 2517 
7.373626374 3.241580543e+10 745950296.1 2601 
7.381618382 3.197103433e+10 736244321.4 2622 
7.38961039 3.13302979e+10 729206139.3 2535 
7.397602398 3.260821508e+10 743556102.1 2600 
7.405594406 3.169201533e+10 730886620.1 2562 
7.413586414 3.135796085e+10 725091433.5 2528 
7.421578422 3.132658138e+10 723547767.4 2560 
7.42957043 3.126441075e+10 721155310.1 2557 
7.437562438 3.124471186e+10 716635720.5 2635 
7.445554446 3.091120651e+10 715090635.9 2565 
7.453546454 3.28901766e+10 737745939.7 2708 
7.461538462 2.981715595e+10 700038833.4 2525 
7.46953047 3.067194203e+10 708692124.3 2555 
7.477522478 3.061709314e+10 704347150.1 2590 
7.485514486 3.11669198e+10 710095021.2 2610 
7.493506494 3.029275452e+10 699527346.8 2593 
7.501498501 2.937136995e+10 686276110 2501 
7.509490509 3.077913073e+10 702759528.3 2592 
7.517482517 2.963150851e+10 686603316.9 2530 
7.525474525 2.9970036e+10 690224588.6 2553 
7.533466533 3.04971209e+10 695008510 2596 
7.541458541 2.951361498e+10 681626706.9 2600 
7.549450549 2.987277408e+10 683748215.6 2592 
7.557442557 2.877308507e+10 669816744.9 2570 
7.565434565 2.86187126e+10 665890227.8 2524 
7.573426573 2.960479457e+10 678325028.7 2584 
7.581418581 2.964133404e+10 675340300 2620 
7.589410589 2.935014528e+10 670784054.3 2559 
7.597402597 2.932113795e+10 669262266.9 2607 
7.605394605 2.773214657e+10 648667112.8 2522 
7.613386613 3.019064622e+10 678634904.5 2631 
7.621378621 2.862859741e+10 657309101.6 2584 
7.629370629 2.92625199e+10 664772356.8 2616 
7.637362637 2.942836803e+10 663055017.1 2634 
7.645354645 2.938035904e+10 662672186.9 2669 
7.653346653 2.885979616e+10 653868628.9 2647 
7.661338661 2.838329824e+10 649519323.9 2551 
7.669330669 2.822716904e+10 646097893 2577 
7.677322677 2.903600157e+10 656015523.2 2632 
7.685314685 2.722872972e+10 634120463.6 2501 
7.693306693 2.902580826e+10 651204552 2670 
7.701298701 2.817937212e+10 640526825.5 2615 
7.709290709 2.764602659e+10 633460328.3 2592 
7.717282717 2.82827131e+10 638286635.2 2685 
7.725274725 2.8149324e+10 636954617.7 2634 
7.733266733 2.718410131e+10 623584673.6 2540 
7.741258741 2.735526233e+10 622672824.3 2591 
7.749250749 2.754382701e+10 623179981.1 2639 
7.757242757 2.752625458e+10 621796577.3 2636 
7.765234765 2.790081539e+10 624898956.7 2691 
7.773226773 2.824693668e+10 628192566.1 2675 
7.781218781 2.761544742e+10 620473779 2624 
7.789210789 2.657487429e+10 605651333.8 2584 
7.797202797 2.555814723e+10 592977467.6 2518 
7.805194805 2.747698138e+10 614593455.9 2619 
7.813186813 2.763162214e+10 616165247.5 2669 
7.821178821 2.54877797e+10 589960361.7 2498 
7.829170829 2.69279491e+10 603857122.2 2711 
7.837162837 2.603176365e+10 593631052 2582 
7.845154845 2.675680487e+10 598807086.9 2652 
7.853146853 2.689958434e+10 601602921.3 2646 
7.861138861 2.690283983e+10 598312098.5 2702 
7.869130869 2.539331121e+10 581092082.9 2568 
7.877122877 2.672699927e+10 595104565.7 2669 
7.885114885 2.71952723e+10 600356576.7 2702 
7.893106893 2.568372642e+10 579646766 2586 
7.901098901 2.507788514e+10 572535186.9 2599 
7.909090909 2.679398086e+10 591745488.5 2710 
7.917082917 2.566370758e+10 577954263.4 2617 
7.925074925 2.589569448e+10 580435282.2 2656 
7.933066933 2.43862565e+10 561398239.3 2475 
7.941058941 2.526035493e+10 569237682.2 2644 
7.949050949 2.59588512e+10 576816162.9 2664 
7.957042957 2.533007583e+10 568562548.7 2629 
7.965034965 2.551989963e+10 569122157 2636 
7.973026973 2.461196044e+10 557628844.6 2615 
7.981018981 2.532509479e+10 564335086.2 2658 
7.989010989 2.675646078e+10 580221274 2753 
7.997002997 2.520704644e+10 560678573.7 2687 
8.004995005 2.424413517e+10 550313647.6 2548 
8.012987013 2.492391203e+10 557498400.1 2625 
8.020979021 2.510398544e+10 556793469.2 2695 
8.028971029 2.445790988e+10 547082885.3 2630 
8.036963037 2.412148527e+10 545425354.4 2561 
8.044955045 2.460570786e+10 547466745.1 2638 
8.052947053 2.399505325e+10 541256584.8 2592 
8.060939061 2.399767166e+10 539098845.1 2611 
8.068931069 2.363271157e+10 531928848.5 2591 
8.076923077 2.420492655e+10 540811021.3 2624 
8.084915085 2.459686607e+10 543898212.3 2688 
8.092907093 2.355239153e+10 529360523.7 2630 
8.100899101 2.401993139e+10 534392322.1 2661 
8.108891109 2.36461728e+10 528722546.9 2620 
8.116883117 2.318892985e+10 524119581.5 2591 
8.124875125 2.338455212e+10 525529702.4 2581 
8.132867133 2.471599534e+10 539982989 2692 
8.140859141 2.360987487e+10 527964929.2 2577 
8.148851149 2.373388741e+10 527967340.2 2623 
8.156843157 2.395297619e+10 528755659.5 2664 
8.164835165 2.307370811e+10 516588196.1 2577 
8.172827173 2.395540632e+10 525867357.4 2670 
8.180819181 2.333679081e+10 516745539.1 2677 
8.188811189 2.427640378e+10 526717903.6 2731 
8.196803197 2.339421739e+10 517418053.3 2641 
8.204795205 2.343294827e+10 515625621.6 2664 
8.212787213 2.248778744e+10 503836307.3 2566 
8.220779221 2.261001543e+10 506073898.8 2600 
8.228771229 2.306022053e+10 508890273.7 2637 
8.236763237 2.255015071e+10 502673794.4 2590 
8.244755245 2.278020492e+10 504312695.4 2639 
8.252747253 2.255617093e+10 499173492.1 2663 
8.260739261 2.24927043e+10 498903387.9 2665 
8.268731269 2.207787386e+10 491268083.4 2652 
8.276723277 2.238285714e+10 496345052.9 2617 
8.284715285 2.229434514e+10 494250222.1 2643 
8.292707293 2.251318096e+10 497408404.9 2620 
8.300699301 2.235213683e+10 492639170.2 2665 
8.308691309 2.156802912e+10 481691992.3 2594 
8.316683317 2.13723284e+10 479402021.5 2591 
8.324675325 2.223440039e+10 488841197.2 2671 
8.332667333 2.277599231e+10 493162516.7 2719 
8.340659341 2.244502607e+10 490781068.2 2660 
8.348651349 2.268673382e+10 493111983.7 2669 
8.356643357 2.213630607e+10 484290633.3 2667 
8.364635365 2.171259653e+10 479340405.2 2628 
8.372627373 2.222215425e+10 485133772.9 2673 
8.380619381 2.169588459e+10 477451178.5 2642 
8.388611389 2.222435582e+10 481956110.9 2729 
8.396603397 2.178411102e+10 476452610.9 2642 
8.404595405 2.176356136e+10 475024201.3 2683 
8.412587413 2.162869854e+10 472951379.3 2654 
8.420579421 2.095867097e+10 466105429.4 2583 
8.428571429 2.155882412e+10 470297781.1 2708 
8.436563437 2.200878618e+10 474834197.3 2734 
8.444555445 2.105614708e+10 463675850.1 2627 
8.452547453 2.115570396e+10 463464441 2677 
8.460539461 2.124243743e+10 463843969.5 2653 
8.468531469 2.097637882e+10 458611314.1 2648 
8.476523477 2.168965564e+10 465843862.2 2740 
8.484515485 2.055112126e+10 452957377.5 2627 
8.492507493 2.080286681e+10 455009200.8 2664 
8.5004995 2.129189698e+10 460162413.9 2699 
8.508491508 2.103736538e+10 457372291.7 2677 
8.516483516 2.078806677e+10 451368645 2674 
8.524475524 1.979522914e+10 441279546.8 2589 
8.532467532 2.045927001e+10 448540282.5 2635 
8.54045954 1.996011999e+10 440380134.4 2627 
8.548451548 1.990445925e+10 437833601.9 2641 
8.556443556 2.033391571e+10 443248461.1 2646 
8.564435564 2.070699734e+10 446728001.8 2682 
8.572427572 2.013264724e+10 439147585.2 2679 
8.58041958 2.018152047e+10 439550214.4 2656 
8.588411588 2.008054758e+10 437067255.7 2668 
8.596403596 1.922563919e+10 426873349.2 2570 
8.604395604 2.049128665e+10 439244274.4 2748 
8.612387612 1.972586166e+10 430219211.9 2622 
8.62037962 1.968815547e+10 429632851.3 2649 
8.628371628 1.915842981e+10 422393568.3 2604 
8.636363636 1.966018151e+10 428282833.1 2632 
8.644355644 1.98457467e+10 430420451.7 2656 
8.652347652 1.992437114e+10 430790014.5 2674 
8.66033966 1.986680073e+10 427235749.2 2719 
8.668331668 1.886516227e+10 415168686.7 2639 
8.676323676 2.014938995e+10 431237473 2707 
8.684315684 1.950374045e+10 421129047 2704 
8.692307692 1.875986902e+10 413493335.4 2597 
8.7002997 1.897674383e+10 413800520.6 2666 
8.708291708 2.004876603e+10 425240968.6 2768 
8.716283716 1.88376217e+10 413003914.4 2611 
8.724275724 1.903439102e+10 413372884 2666 
8.732267732 1.875032258e+10 409550749.7 2619 
8.74025974 1.873723624e+10 408316854.8 2652 
8.748251748 1.967215592e+10 418852944.8 2730 
8.756243756 1.881694877e+10 408451424.6 2656 
8.764235764 1.885177551e+10 407220795.6 2679 
8.772227772 1.848474237e+10 403400262 2628 
8.78021978 1.838772229e+10 401230131 2626 
8.788211788 1.8076147e+10 396418900.1 2595 
8.796203796 1.834409637e+10 400157709.9 2626 
8.804195804 1.926129167e+10 409372665.6 2725 
8.812187812 1.839739859e+10 398083942 2653 
8.82017982 1.895165826e+10 404027808.1 2725 
8.828171828 1.840324353e+10 397148371.4 2691 
8.836163836 1.886952947e+10 402710965.7 2728 
8.844155844 1.849737867e+10 397492653.1 2671 
8.852147852 1.818028643e+10 391838558.9 2678 
8.86013986 1.822825546e+10 392414453.1 2676 
8.868131868 1.823405801e+10 392116910.8 2690 
8.876123876 1.86684063e+10 397689353.8 2705 
8.884115884 1.827362166e+10 390663108.3 2692 
8.892107892 1.843682753e+10 392130723.8 2745 
8.9000999 1.871945664e+10 393968819.6 2797 
8.908091908 1.771892593e+10 383248694.8 2643 
8.916083916 1.844474548e+10 390937581.1 2744 
8.924075924 1.797327916e+10 384616926.8 2694 
8.932067932 1.696713428e+10 373010072.4 2578 
8.94005994 1.766159869e+10 379404094.2 2685 
8.948051948 1.801919744e+10 382809560.9 2745 
8.956043956 1.75888185e+10 378063158.9 2652 
8.964035964 1.764837958e+10 377563873.8 2681 
8.972027972 1.748794088e+10 374928957.6 2677 
8.98001998 1.7729223e+10 378007554.5 2653 
8.988011988 1.699095581e+10 368990201.5 2596 
8.996003996 1.720999259e+10 370233821.1 2652 
