# Format: McCode with text headers
# URL: http://www.mccode.org
# Creator: 
# Instrument: BOA_beamline_monitors.instr
# Ncount: 25000000
# Trace: no
# Gravitation: no
# Seed: 1000
# Directory: BOA_1-9AA_1e8/1
# Nodes: 8
# Param: flagin=1
# Param: trompete_exit_slit_width=0.04
# Param: trompete_exit_slit_height=0.04
# Param: Lmin=1
# Param: Lmax=9
# Param: threshold=1e-12
# Date: Wed Jan  4 16:02:58 2023 (1672844578)
# type: array_1d(1001)
# Source: BOA_RNR51 (BOA_beamline_monitors.instr)
# component: Brill
# position: -0.0145 0 8.62863
# title: Peak brilliance
# Ncount: 200000000
# filename: Peak_Brilliance.dat
# statistics: X0=4.36483; dX=1.81494;
# signal: Min=4.95473e+11; Max=9.02755e+12; Mean=4.41554e+12;
# values: 4.41996e+15 2.53464e+09 1.74262e+06
# xvar: Peak
# yvar: (I,I_err)
# xlabel: Wavelength [AA]
# ylabel: Peak Brilliance
# xlimits: 1 9
# variables: Peak I I_err N
1.003996004 6.122875536e+11 9493115460 65 
1.011988012 5.874047814e+11 7780366320 76 
1.01998002 5.882747799e+11 8003923628 74 
1.027972028 7.177292496e+11 1.047807833e+10 69 
1.035964036 9.923146287e+11 1.217586867e+10 82 
1.043956044 1.043859655e+12 1.296745074e+10 81 
1.051948052 9.580660654e+11 9928278928 97 
1.05994006 7.092690855e+11 7837346988 91 
1.067932068 4.954728518e+11 6311884031 79 
1.075924076 1.459114778e+12 1.612306121e+10 91 
1.083916084 1.225402327e+12 1.269864007e+10 97 
1.091908092 1.308025289e+12 1.42955717e+10 92 
1.0999001 1.580859187e+12 1.380676198e+10 115 
1.107892108 1.343820395e+12 1.062316898e+10 127 
1.115884116 9.668952378e+11 1.001977417e+10 97 
1.123876124 1.090124469e+12 1.178530147e+10 93 
1.131868132 1.569111429e+12 1.51606737e+10 104 
1.13986014 1.19685614e+12 1.113366581e+10 108 
1.147852148 1.407706666e+12 1.229449847e+10 115 
1.155844156 1.433551827e+12 1.151456524e+10 125 
1.163836164 1.146071654e+12 1.009764548e+10 114 
1.171828172 1.39776122e+12 1.071089244e+10 131 
1.17982018 1.974598869e+12 1.490273895e+10 133 
1.187812188 1.866118833e+12 1.561619376e+10 120 
1.195804196 1.297054281e+12 1.12300123e+10 116 
1.203796204 1.698804446e+12 1.25373874e+10 136 
1.211788212 1.503588852e+12 1.18861706e+10 127 
1.21978022 1.961849243e+12 1.367150614e+10 144 
1.227772228 2.100361947e+12 1.276821655e+10 165 
1.235764236 1.614956356e+12 1.200719329e+10 135 
1.243756244 1.826597423e+12 1.145207757e+10 160 
1.251748252 1.906490357e+12 1.242019835e+10 154 
1.25974026 2.145495203e+12 1.138197727e+10 189 
1.267732268 1.582810938e+12 9861798086 161 
1.275724276 1.639344645e+12 1.02780732e+10 160 
1.283716284 2.514332652e+12 1.306151219e+10 193 
1.291708292 1.84381617e+12 1.094257721e+10 169 
1.2997003 1.567228028e+12 1.06978644e+10 147 
1.307692308 1.974787036e+12 1.193230224e+10 166 
1.315684316 2.261224836e+12 1.334061738e+10 170 
1.323676324 2.132851598e+12 1.090976233e+10 196 
1.331668332 1.43330341e+12 7644311843 188 
1.33966034 2.820061934e+12 1.267446744e+10 223 
1.347652348 2.330562005e+12 1.107158449e+10 211 
1.355644356 1.947732145e+12 1.038794152e+10 188 
1.363636364 2.018232138e+12 9279252520 218 
1.371628372 2.15044638e+12 1.276234907e+10 169 
1.37962038 2.614665608e+12 1.149306317e+10 228 
1.387612388 2.30115918e+12 1.114366045e+10 207 
1.395604396 2.80330164e+12 1.114635036e+10 252 
1.403596404 3.066399584e+12 1.330328306e+10 231 
1.411588412 2.60484697e+12 1.150045592e+10 227 
1.41958042 2.42044254e+12 1.019135936e+10 238 
1.427572428 2.66752108e+12 1.279390267e+10 209 
1.435564436 2.270958412e+12 1.099740933e+10 207 
1.443556444 3.334141025e+12 1.330997047e+10 251 
1.451548452 2.924974437e+12 1.274501667e+10 230 
1.45954046 2.750412556e+12 1.0517849e+10 262 
1.467532468 3.574063481e+12 1.34616563e+10 266 
1.475524476 2.879856658e+12 1.005187072e+10 287 
1.483516484 3.298484461e+12 1.151305201e+10 287 
1.491508492 2.851708057e+12 1.038875305e+10 275 
1.4995005 3.545858868e+12 1.134676259e+10 313 
1.507492507 3.344242555e+12 1.09467985e+10 306 
1.515484515 3.260077543e+12 1.06712989e+10 306 
1.523476523 2.570361599e+12 8413633217 306 
1.531468531 2.861433747e+12 9952827797 288 
1.539460539 2.508613814e+12 8489398704 296 
1.547452547 2.375667823e+12 7879505799 302 
1.555444555 2.485184739e+12 8297790024 300 
1.563436563 2.829178238e+12 9053381636 313 
1.571428571 3.105323167e+12 9905349338 314 
1.579420579 3.542164076e+12 1.088223702e+10 326 
1.587412587 3.731541983e+12 1.037982048e+10 360 
1.595404595 3.744167599e+12 1.007852181e+10 372 
1.603396603 4.075557739e+12 1.156187721e+10 353 
1.611388611 2.941742637e+12 7751633849 380 
1.619380619 2.754118234e+12 8160358939 338 
1.627372627 3.169894967e+12 8842114145 359 
1.635364635 3.533847476e+12 9512383683 372 
1.643356643 3.437000528e+12 9009183052 382 
1.651348651 3.140995279e+12 7842690553 401 
1.659340659 4.295313531e+12 1.016642925e+10 423 
1.667332667 3.115021027e+12 7479047053 417 
1.675324675 3.470230107e+12 8272306067 420 
1.683316683 3.881662964e+12 9122598032 426 
1.691308691 3.498738677e+12 7732023443 453 
1.699300699 3.613528022e+12 8021154370 451 
1.707292707 3.949677328e+12 8394642586 471 
1.715284715 4.409100182e+12 9311726327 474 
1.723276723 3.967935936e+12 7865089455 505 
1.731268731 3.425220241e+12 7295467438 470 
1.739260739 4.211911328e+12 8107628505 520 
1.747252747 4.111282951e+12 8556264194 481 
1.755244755 4.143899875e+12 8246570494 503 
1.763236763 3.349249556e+12 6665176042 503 
1.771228771 3.829719988e+12 7443579263 515 
1.779220779 4.065671648e+12 8205193687 496 
1.787212787 3.631705814e+12 6621161389 549 
1.795204795 3.290066298e+12 6272769337 525 
1.803196803 3.980798288e+12 7378683422 540 
1.811188811 4.056618365e+12 7302645722 556 
1.819180819 4.021575595e+12 7552257434 533 
1.827172827 4.018168696e+12 7068020979 569 
1.835164835 3.382024977e+12 7296713549 464 
1.843156843 4.181773683e+12 7447506724 562 
1.851148851 4.412267966e+12 7561729640 584 
1.859140859 4.358358961e+12 7405879672 589 
1.867132867 4.408414785e+12 7620425404 579 
1.875124875 4.541399446e+12 7575313870 600 
1.883116883 3.946716646e+12 6309700263 626 
1.891108891 5.204069551e+12 7987829100 652 
1.899100899 4.3649518e+12 6945032276 629 
1.907092907 4.058525993e+12 6498842119 625 
1.915084915 4.339364525e+12 6660576174 652 
1.923076923 4.235874047e+12 7210000400 588 
1.931068931 4.573963731e+12 7174846636 638 
1.939060939 4.197121562e+12 6149629630 683 
1.947052947 3.953788376e+12 6013367432 658 
1.955044955 5.153965837e+12 7698232749 670 
1.963036963 4.39424866e+12 6273018256 701 
1.971028971 4.242345034e+12 6317715203 672 
1.979020979 4.507229266e+12 6489891938 695 
1.987012987 4.372459757e+12 6589993304 664 
1.995004995 4.978519223e+12 7046737395 707 
2.002997003 4.187468075e+12 6020803267 696 
2.010989011 4.186344655e+12 5794249321 723 
2.018981019 5.230207105e+12 7063075960 741 
2.026973027 5.369990224e+12 7281343612 738 
2.034965035 4.805766224e+12 6624075586 726 
2.042957043 4.032130029e+12 6208053582 650 
2.050949051 5.44322226e+12 7272174901 749 
2.058941059 5.333408404e+12 6967222671 766 
2.066933067 4.667522465e+12 6252542471 747 
2.074925075 4.471974582e+12 6138606869 729 
2.082917083 5.018561713e+12 6496520605 773 
2.090909091 4.487057351e+12 6227700085 721 
2.098901099 4.830993746e+12 6377550131 758 
2.106893107 5.194523981e+12 6794669074 765 
2.114885115 4.803371894e+12 5978061204 804 
2.122877123 5.080003929e+12 6229312346 816 
2.130869131 5.274207487e+12 6237974800 846 
2.138861139 4.982100266e+12 6310450463 790 
2.146853147 5.387602166e+12 6232044325 865 
2.154845155 4.687049505e+12 5583144289 840 
2.162837163 5.358499838e+12 6241700652 859 
2.170829171 4.745386035e+12 5847672552 812 
2.178821179 5.370232768e+12 6427567961 836 
2.186813187 4.971396577e+12 6126182208 812 
2.194805195 4.267871679e+12 5304999199 805 
2.202797203 4.92083191e+12 6026738721 817 
2.210789211 4.849513983e+12 5946675939 816 
2.218781219 5.058720084e+12 5851613859 865 
2.226773227 5.188393835e+12 5912699609 878 
2.234765235 5.022694898e+12 5905579120 851 
2.242757243 5.220304016e+12 5720881058 913 
2.250749251 5.211311692e+12 5780711791 902 
2.258741259 5.479901098e+12 5901885869 929 
2.266733267 5.642737638e+12 6372374649 886 
2.274725275 5.539673071e+12 6498150494 853 
2.282717283 5.559973595e+12 6086451661 914 
2.290709291 3.286153976e+12 7029209917 468 
2.298701299 5.294764408e+12 5945833182 891 
2.306693307 4.998965368e+12 5401367088 926 
2.314685315 6.005468408e+12 6156297534 976 
2.322677323 5.894681946e+12 6241060751 945 
2.330669331 5.835612274e+12 6374235178 916 
2.338661339 5.531562354e+12 5983301576 925 
2.346653347 5.658855521e+12 6029680813 939 
2.354645355 5.344146512e+12 5812013547 920 
2.362637363 6.025122444e+12 6312333534 955 
2.370629371 5.082989568e+12 5515995080 922 
2.378621379 4.760035517e+12 5077371002 938 
2.386613387 5.379561531e+12 5635999326 955 
2.394605395 6.188556752e+12 6266892729 988 
2.402597403 5.395055971e+12 5463347531 988 
2.410589411 5.469103302e+12 5433783371 1007 
2.418581419 5.218227588e+12 5536580831 943 
2.426573427 5.197223251e+12 5543704651 938 
2.434565435 5.693213891e+12 5667708897 1005 
2.442557443 5.316748741e+12 5367741986 991 
2.450549451 6.355425384e+12 6125710886 1038 
2.458541459 5.738079695e+12 5557461792 1033 
2.466533467 5.18185734e+12 5383747649 963 
2.474525475 5.881096977e+12 5545588407 1061 
2.482517483 5.308086802e+12 5321389948 998 
2.490509491 5.341395688e+12 5312178356 1006 
2.498501499 6.229550948e+12 6021798554 1035 
2.506493506 6.259357903e+12 5814544745 1077 
2.514485514 6.226854824e+12 5921877719 1052 
2.522477522 6.19931469e+12 5878913489 1055 
2.53046953 6.341636126e+12 6226446590 1019 
2.538461538 6.117462577e+12 5563858117 1100 
2.546453546 6.243199366e+12 6117784491 1021 
2.554445554 6.075580223e+12 5816735115 1045 
2.562437562 5.637969155e+12 5612711641 1005 
2.57042957 5.890615232e+12 5618135242 1049 
2.578421578 5.732188067e+12 5661419990 1013 
2.586413586 6.647608465e+12 6274287948 1060 
2.594405594 6.52166913e+12 5743433265 1136 
2.602397602 6.393312364e+12 5966693337 1072 
2.61038961 5.887564021e+12 5832158220 1010 
2.618381618 6.509555062e+12 6024576206 1081 
2.626373626 6.557454942e+12 5821086834 1127 
2.634365634 6.503664976e+12 5768216713 1128 
2.642357642 7.310285693e+12 6576954742 1112 
2.65034965 6.906017284e+12 5971479975 1157 
2.658341658 6.12652009e+12 5587341107 1097 
2.666333666 6.191282362e+12 5672269188 1092 
2.674325674 6.900635319e+12 6013624973 1148 
2.682317682 6.706344108e+12 5739275443 1169 
2.69030969 6.96696313e+12 5987935040 1164 
2.698301698 6.416705516e+12 5752312788 1116 
2.706293706 6.955520399e+12 6163508912 1129 
2.714285714 6.414971627e+12 5654447741 1135 
2.722277722 7.293813782e+12 6101056453 1196 
2.73026973 6.673651623e+12 5924235251 1127 
2.738261738 6.240981846e+12 5829968594 1071 
2.746253746 5.904877674e+12 6285127862 940 
2.754245754 7.014739201e+12 5892262412 1191 
2.762237762 7.533823187e+12 6234027613 1209 
2.77022977 7.114544312e+12 5951102889 1196 
2.778221778 6.844291565e+12 6141131458 1115 
2.786213786 7.293944553e+12 6210254434 1175 
2.794205794 7.481216496e+12 6252583131 1197 
2.802197802 7.205334621e+12 6027046274 1196 
2.81018981 6.961659836e+12 5755815599 1210 
2.818181818 7.263337518e+12 6035177977 1204 
2.826173826 6.925060833e+12 5901201605 1174 
2.834165834 6.846578032e+12 6143183021 1115 
2.842157842 6.842124499e+12 5675755813 1206 
2.85014985 7.414206119e+12 6405361097 1158 
2.858141858 7.371496741e+12 6054616739 1218 
2.866133866 7.261086709e+12 5998418721 1211 
2.874125874 7.195546571e+12 6100505151 1180 
2.882117882 7.523944391e+12 6144502668 1225 
2.89010989 7.419408448e+12 6069045049 1223 
2.898101898 7.659587027e+12 6301592922 1216 
2.906093906 7.014893964e+12 5892392410 1191 
2.914085914 7.161225161e+12 6112867639 1172 
2.922077922 6.793681444e+12 5575445654 1219 
2.93006993 7.436875166e+12 5714079154 1302 
2.938061938 7.228412489e+12 6128369433 1180 
2.946053946 8.129733536e+12 6251236020 1301 
2.954045954 7.931204369e+12 6357678115 1248 
2.962037962 7.114065022e+12 5995840071 1187 
2.97002997 7.154364297e+12 5944631047 1204 
2.978021978 7.284772432e+12 5920171896 1231 
2.986013986 7.950083408e+12 6466110250 1230 
2.994005994 7.078648505e+12 5724745292 1237 
3.001998002 7.688790066e+12 6070895428 1267 
3.00999001 8.177255082e+12 6341414527 1290 
3.017982018 7.979904088e+12 6236735490 1280 
3.025974026 8.081974675e+12 6204970113 1303 
3.033966034 7.350417674e+12 5840617139 1259 
3.041958042 7.917490578e+12 6202498672 1277 
3.04995005 7.56343541e+12 5874512095 1288 
3.057942058 7.741513536e+12 6017499001 1287 
3.065934066 7.910938153e+12 5910300271 1339 
3.073926074 7.918882734e+12 6312380859 1255 
3.081918082 7.610210162e+12 5957110850 1278 
3.08991009 7.536854102e+12 5913576348 1275 
3.097902098 7.895506515e+12 6015623134 1313 
3.105894106 8.400348293e+12 6206388647 1354 
3.113886114 8.113300398e+12 6411141389 1266 
3.121878122 7.752526558e+12 6026059454 1287 
3.12987013 7.489623491e+12 5867310955 1277 
3.137862138 8.158927762e+12 6206866963 1315 
3.145854146 7.436963192e+12 5758391080 1292 
3.153846154 7.44265607e+12 5794203957 1285 
3.161838162 7.887631767e+12 6247628349 1263 
3.16983017 8.036026971e+12 6217428163 1293 
3.177822178 7.678168289e+12 5982210536 1284 
3.185814186 7.724443521e+12 5862954338 1318 
3.193806194 7.898616569e+12 6017992699 1313 
3.201798202 8.021557503e+12 6211038664 1292 
3.20979021 7.442421124e+12 5985058446 1244 
3.217782218 8.463493665e+12 6198090345 1366 
3.225774226 8.031808253e+12 5991650141 1341 
3.233766234 7.873249605e+12 5829876578 1351 
3.241758242 8.005161397e+12 5980694929 1339 
3.24975025 7.959312791e+12 5854587334 1360 
3.257742258 8.108529329e+12 5999650800 1352 
3.265734266 8.071688352e+12 5928525186 1362 
3.273726274 7.896628909e+12 5948495447 1328 
3.281718282 8.29526777e+12 6160613834 1347 
3.28971029 8.185525798e+12 5985758299 1368 
3.297702298 8.315156802e+12 6058401070 1373 
3.305694306 7.962068244e+12 5805371411 1372 
3.313686314 8.450482857e+12 5915632715 1429 
3.321678322 8.076294389e+12 5841803258 1383 
3.32967033 8.407456439e+12 6020375958 1397 
3.337662338 8.367301653e+12 5902857258 1418 
3.345654346 8.050526209e+12 5908642124 1363 
3.353646354 7.568297214e+12 5654311505 1339 
3.361638362 8.367087317e+12 6056522588 1382 
3.36963037 8.156005446e+12 5908007297 1381 
3.377622378 8.040033504e+12 5862218123 1372 
3.385614386 8.052642951e+12 5892895442 1367 
3.393606394 8.705074611e+12 6068367431 1435 
3.401598402 8.156604095e+12 5964608972 1368 
3.40959041 8.692640236e+12 6068159660 1433 
3.417582418 8.826154094e+12 6089101425 1450 
3.425574426 7.978200058e+12 5978418011 1335 
3.433566434 8.157381466e+12 5991465414 1362 
3.441558442 7.960755265e+12 5745762441 1386 
3.44955045 8.429208631e+12 5867878229 1437 
3.457542458 8.100669416e+12 5850970044 1385 
3.465534466 8.200583007e+12 5944604307 1380 
3.473526474 8.113964e+12 5773007853 1406 
3.481518482 7.741568233e+12 5707015789 1357 
3.48951049 8.486008716e+12 5973957918 1421 
3.497502498 8.722558545e+12 5923637948 1473 
3.505494505 7.909685553e+12 5680204038 1393 
3.513486513 7.559814782e+12 5544417624 1364 
3.521478521 8.037012349e+12 5710132059 1408 
3.529470529 8.132132073e+12 5761339419 1412 
3.537462537 7.679914706e+12 5539064754 1387 
3.545454545 8.161417623e+12 5886344197 1387 
3.553446553 7.899545196e+12 5689264515 1389 
3.561438561 7.610274507e+12 5681428325 1340 
3.569430569 9.027553989e+12 5996381414 1506 
3.577422577 7.83509816e+12 5535214866 1416 
3.585414585 8.431231913e+12 5737482300 1470 
3.593406593 8.111181979e+12 5662255092 1433 
3.601398601 8.01974362e+12 5701914076 1407 
3.609390609 8.269763057e+12 5566988433 1486 
3.617382617 8.371690461e+12 5807623230 1442 
3.625374625 8.196312712e+12 5650679830 1451 
3.633366633 8.318680285e+12 5622628300 1480 
3.641358641 8.27865309e+12 5779163379 1433 
3.649350649 7.951704637e+12 5558687924 1431 
3.657342657 7.975204708e+12 5662196113 1409 
3.665334665 5.035512948e+12 5579515684 903 
3.673326673 8.616939468e+12 5693384636 1514 
3.681318681 8.033331994e+12 5671253432 1417 
3.689310689 8.166084792e+12 5489803724 1488 
3.697302697 8.04249435e+12 5525587568 1456 
3.705294705 8.087049404e+12 5594637009 1446 
3.713286713 8.548120122e+12 5520257131 1549 
3.721278721 8.223225086e+12 5584532014 1473 
3.729270729 7.87279912e+12 5423904567 1452 
3.737262737 8.173157913e+12 5410894457 1511 
3.745254745 7.76852203e+12 5507635964 1411 
3.753246753 8.16580309e+12 5431194732 1504 
3.761238761 7.600663247e+12 5396280966 1409 
3.769230769 7.792095283e+12 5288153077 1474 
3.777222777 8.253016697e+12 5500176543 1501 
3.785214785 8.381331723e+12 5353771765 1566 
3.793206793 8.013189671e+12 5427150659 1477 
3.801198801 8.182737174e+12 5349941334 1530 
3.809190809 8.44911481e+12 5438759468 1554 
3.817182817 8.552008055e+12 5417805506 1579 
3.825174825 7.987178074e+12 5409533593 1477 
3.833166833 7.957601716e+12 5429955667 1466 
3.841158841 7.904137692e+12 5267668029 1501 
3.849150849 8.258011193e+12 5374558586 1537 
3.857142857 7.912874887e+12 5221295295 1516 
3.865134865 7.860494569e+12 5338195486 1473 
3.873126873 7.69201738e+12 5216694233 1475 
3.881118881 7.930907317e+12 5313839553 1493 
3.889110889 8.280762858e+12 5203117017 1592 
3.897102897 7.991019836e+12 5104450841 1566 
3.905094905 8.137303925e+12 5320236691 1530 
3.913086913 7.661105653e+12 5109105588 1500 
3.921078921 7.665395062e+12 5153205567 1488 
3.929070929 7.609519185e+12 4971915875 1531 
3.937062937 7.993034392e+12 4975432429 1607 
3.945054945 7.88354226e+12 5178023229 1523 
3.953046953 8.128472506e+12 5126755216 1586 
3.961038961 7.759696964e+12 4985348500 1557 
3.969030969 7.64562843e+12 4927893276 1552 
3.977022977 7.497044559e+12 4920933797 1524 
3.985014985 7.472613229e+12 4810177793 1554 
3.993006993 8.031754164e+12 5021414190 1600 
4.000999001 7.809169962e+12 4978749058 1569 
4.008991009 7.613391461e+12 4961478989 1535 
4.016983017 7.932350148e+12 4990467450 1590 
4.024975025 8.548891565e+12 5132926554 1666 
4.032967033 7.729874142e+12 4875352892 1586 
4.040959041 7.668909535e+12 4933359610 1555 
4.048951049 7.734430897e+12 4915429813 1574 
4.056943057 7.269588141e+12 4943615367 1471 
4.064935065 7.539180335e+12 4906722012 1537 
4.072927073 8.029516977e+12 4915527813 1634 
4.080919081 7.307167512e+12 4812094567 1519 
4.088911089 7.688105259e+12 4803563306 1601 
4.096903097 7.695705852e+12 4856865713 1585 
4.104895105 7.719226085e+12 4823007746 1601 
4.112887113 7.583895493e+12 4741415007 1600 
4.120879121 5.305308512e+12 4812070604 1103 
4.128871129 7.790614861e+12 4892064494 1593 
4.136863137 7.671417997e+12 4829345831 1589 
4.144855145 7.666421691e+12 4760272875 1611 
4.152847153 7.567896499e+12 4664341587 1623 
4.160839161 7.743979079e+12 4734929236 1636 
4.168831169 7.535824935e+12 4743986644 1589 
4.176823177 7.278581686e+12 4616923289 1577 
4.184815185 7.315161044e+12 4610878593 1587 
4.192807193 7.464765542e+12 4620713889 1616 
4.200799201 7.444811044e+12 4722365323 1577 
4.208791209 7.782523176e+12 4647668389 1675 
4.216783217 7.544901041e+12 4647304442 1624 
4.224775225 7.40476845e+12 4478237710 1654 
4.232767233 7.330495882e+12 4641021686 1580 
4.240759241 7.396962567e+12 4624545401 1600 
4.248751249 7.503369816e+12 4596243492 1633 
4.256743257 7.369364729e+12 4636277172 1590 
4.264735265 7.375664375e+12 4540265980 1625 
4.272727273 7.016338175e+12 4525208729 1551 
4.280719281 7.305574081e+12 4464144053 1637 
4.288711289 7.285394668e+12 4501323691 1619 
4.296703297 7.111979162e+12 4471535355 1591 
4.304695305 7.068624088e+12 4416508510 1601 
4.312687313 6.75823734e+12 4433083226 1525 
4.320679321 7.040834121e+12 4460457384 1579 
4.328671329 7.332851292e+12 4392242487 1670 
4.336663337 6.98011017e+12 4342213326 1608 
4.344655345 7.258295009e+12 4358026155 1666 
4.352647353 7.083354333e+12 4411929054 1606 
4.360639361 7.245061455e+12 4350080460 1666 
4.368631369 7.322147429e+12 4391091440 1668 
4.376623377 6.984205953e+12 4369223483 1599 
4.384615385 7.159036641e+12 4257528473 1682 
4.392607393 6.856122941e+12 4313382039 1590 
4.400599401 6.799598454e+12 4193398795 1622 
4.408591409 6.888873817e+12 4261596988 1617 
4.416583417 6.984202713e+12 4153553489 1682 
4.424575425 7.219083194e+12 4210604001 1715 
4.432567433 6.769385732e+12 4113876229 1646 
4.440559441 6.889215987e+12 4225215364 1631 
4.448551449 6.875306378e+12 4188427658 1642 
4.456543457 7.030301874e+12 4141560704 1698 
4.464535465 6.899597643e+12 4231582525 1631 
4.472527473 6.715565209e+12 4076214144 1648 
4.480519481 7.013459027e+12 4148746805 1691 
4.488511489 6.782799106e+12 4162501853 1630 
4.496503497 6.783746809e+12 4039145155 1680 
4.504495504 6.908616747e+12 4093993601 1688 
4.512487512 6.886227485e+12 4035291454 1707 
4.52047952 6.89676512e+12 4128561890 1671 
4.528471528 6.372880875e+12 3984294233 1600 
4.536463536 6.720444353e+12 3935837027 1708 
4.544455544 6.991425992e+12 4042453479 1730 
4.552447552 6.815836376e+12 3934103121 1733 
4.56043956 6.615158819e+12 3950526311 1675 
4.568431568 6.835373383e+12 3943103929 1734 
4.576423576 6.832057563e+12 4084935766 1673 
4.584415584 5.950804086e+12 3840465952 1550 
4.592407592 6.914245526e+12 3943109627 1754 
4.6003996 6.5444984e+12 3812697774 1717 
4.608391608 6.408011491e+12 3770525966 1700 
4.616383616 6.965188086e+12 3965377331 1757 
4.624375624 6.606154112e+12 3828543269 1726 
4.632367632 6.65333185e+12 3894251808 1709 
4.64035964 6.706356766e+12 3820195930 1756 
4.648351648 6.838671777e+12 3819418506 1791 
4.656343656 6.719147757e+12 3763172686 1786 
4.664335664 6.579977566e+12 3729087399 1765 
4.672327672 6.612819966e+12 3786325328 1747 
4.68031968 6.462236617e+12 3714995031 1740 
4.688311688 6.712816476e+12 3772303216 1780 
4.696303696 6.337019316e+12 3730948898 1699 
4.704295704 6.320864211e+12 3799736536 1664 
4.712287712 6.353179508e+12 3643921266 1744 
4.72027972 6.28553811e+12 3696286674 1701 
4.728271728 6.556578694e+12 3726385826 1760 
4.736263736 6.41962424e+12 3642338378 1763 
4.744255744 6.438483076e+12 3620174397 1779 
4.752247752 6.278355103e+12 3619690028 1735 
4.76023976 6.289388378e+12 3538332189 1778 
4.768231768 6.229052057e+12 3544266980 1758 
4.776223776 6.280566011e+12 3571545733 1759 
4.784215784 6.105160256e+12 3532055263 1729 
4.792207792 6.180294414e+12 3494651700 1769 
4.8001998 6.145139736e+12 3486602482 1763 
4.808191808 5.770945729e+12 3434063171 1681 
4.816183816 6.283049943e+12 3489612298 1801 
4.824175824 6.27928981e+12 3493344545 1798 
4.832167832 5.762890654e+12 3396927807 1697 
4.84015984 5.806787585e+12 3390823298 1713 
4.848151848 5.87664967e+12 3353293487 1753 
4.856143856 5.929615263e+12 3466596077 1711 
4.864135864 6.047099494e+12 3394384820 1782 
4.872127872 5.852253867e+12 3320426096 1763 
4.88011988 6.086969899e+12 3397692953 1792 
4.888111888 6.312434e+12 3391045265 1862 
4.896103896 6.041040548e+12 3349618811 1804 
4.904095904 5.941518781e+12 3329512933 1785 
4.912087912 5.950138031e+12 3279214639 1815 
4.92007992 5.968362925e+12 3352069637 1781 
4.928071928 5.763485643e+12 3330530417 1731 
4.936063936 5.819003205e+12 3194619876 1822 
4.944055944 5.982886069e+12 3315535074 1805 
4.952047952 5.925494369e+12 3313106738 1789 
4.96003996 6.205023604e+12 3327980879 1865 
4.968031968 5.8126815e+12 3222998874 1804 
4.976023976 5.985054555e+12 3255399181 1839 
4.984015984 5.875903335e+12 3222319840 1824 
4.992007992 5.654501557e+12 3067262471 1844 
5 6.022595219e+12 3180666407 1894 
5.007992008 5.704156544e+12 3112771294 1833 
5.015984016 5.680749678e+12 3158602536 1799 
5.023976024 5.719519186e+12 3080805788 1857 
5.031968032 5.771744561e+12 3112289744 1855 
5.03996004 3.465479401e+12 2991349487 1159 
5.047952048 5.885234633e+12 3058057223 1925 
5.055944056 5.302466013e+12 2998282779 1769 
5.063936064 5.831515616e+12 3065183809 1903 
5.071928072 5.675195105e+12 3096966961 1833 
5.07992008 5.40132096e+12 3003234881 1799 
5.087912088 5.653057847e+12 3041729672 1859 
5.095904096 5.563755332e+12 2993678815 1859 
5.103896104 5.428327782e+12 2965487371 1831 
5.111888112 5.589452313e+12 2988211180 1871 
5.11988012 5.498614788e+12 2942794483 1869 
5.127872128 5.372023912e+12 2931525649 1833 
5.135864136 5.533052356e+12 2937642157 1884 
5.143856144 5.678259447e+12 2962825967 1917 
5.151848152 5.388285396e+12 2900824839 1858 
5.15984016 5.227110033e+12 2866524213 1824 
5.167832168 5.586845464e+12 2865781916 1950 
5.175824176 5.359894109e+12 2838173539 1889 
5.183816184 5.732008162e+12 2910385614 1970 
5.191808192 5.437242703e+12 2870012827 1895 
5.1998002 5.127835653e+12 2822919100 1817 
5.207792208 5.528545806e+12 2857866243 1935 
5.215784216 5.392261477e+12 2750450297 1961 
5.223776224 5.112533305e+12 2756823968 1855 
5.231768232 5.422011931e+12 2774115266 1955 
5.23976024 5.21842206e+12 2782414677 1876 
5.247752248 5.302542208e+12 2761019889 1921 
5.255744256 5.21381335e+12 2737626621 1905 
5.263736264 5.220763935e+12 2680749839 1948 
5.271728272 5.376172527e+12 2769080059 1942 
5.27972028 5.382805059e+12 2716528540 1982 
5.287712288 5.07483608e+12 2715992919 1869 
5.295704296 5.217199548e+12 2768477675 1885 
5.303696304 5.210734985e+12 2667382307 1954 
5.311688312 4.816337939e+12 2611187158 1845 
5.31968032 4.994363833e+12 2618275420 1908 
5.327672328 5.334836055e+12 2658775077 2007 
5.335664336 4.75155355e+12 2592933352 1833 
5.343656344 5.123076144e+12 2597248373 1973 
5.351648352 5.144964653e+12 2571837445 2001 
5.35964036 5.073738833e+12 2632288086 1928 
5.367632368 5.048494859e+12 2560736055 1972 
5.375624376 5.162914167e+12 2553999622 2022 
5.383616384 5.002969304e+12 2570236670 1947 
5.391608392 5.028316186e+12 2572684845 1955 
5.3996004 4.938467957e+12 2522842546 1958 
5.407592408 4.832809586e+12 2532253658 1909 
5.415584416 5.017390566e+12 2534673809 1980 
5.423576424 4.90325837e+12 2484547571 1974 
5.431568432 4.713135228e+12 2432584067 1938 
5.43956044 5.167854376e+12 2510493218 2059 
5.447552448 4.684004744e+12 2418797392 1937 
5.455544456 4.794901845e+12 2423501684 1979 
5.463536464 5.024153038e+12 2433591146 2065 
5.471528472 4.837035105e+12 2396349357 2019 
5.47952048 4.893085957e+12 2438615540 2007 
5.487512488 4.905357195e+12 2448391980 2004 
5.495504496 3.254739393e+12 2578010339 1263 
5.503496503 4.766919309e+12 2369831175 2012 
5.511488511 4.882898683e+12 2397689507 2037 
5.519480519 4.846886959e+12 2385864129 2032 
5.527472527 4.802285266e+12 2359263702 2036 
5.535464535 4.63056335e+12 2318177473 1998 
5.543456543 4.819584339e+12 2356186896 2046 
5.551448551 4.69719916e+12 2307637021 2036 
5.559440559 4.832605629e+12 2341944032 2064 
5.567432567 4.777054042e+12 2316145419 2063 
5.575424575 4.861347882e+12 2301227718 2113 
5.583416583 4.433479752e+12 2256796149 1965 
5.591408591 4.678453534e+12 2272746870 2059 
5.599400599 4.758548648e+12 2288311834 2080 
5.607392607 4.762553626e+12 2282554233 2087 
5.615384615 4.760581877e+12 2249268853 2117 
5.623376623 4.493765183e+12 2225185066 2020 
5.631368631 4.444375311e+12 2185577235 2034 
5.639360639 4.777611707e+12 2237231223 2136 
5.647352647 4.491408995e+12 2218525578 2025 
5.655344655 4.321541818e+12 2168902375 1993 
5.663336663 4.452187316e+12 2178704806 2044 
5.671328671 4.339244111e+12 2171248562 1999 
5.679320679 4.523810301e+12 2182777387 2073 
5.687312687 4.647782651e+12 2146284038 2166 
5.695304695 4.513412406e+12 2152830020 2097 
5.703296703 4.41217154e+12 2116654987 2085 
5.711288711 4.510819051e+12 2106380848 2142 
5.719280719 4.338525741e+12 2130381401 2037 
5.727272727 4.242317028e+12 2113231944 2008 
5.735264735 4.231020696e+12 2080657333 2034 
5.743256743 4.504184228e+12 2089621759 2156 
5.751248751 4.329444509e+12 2088994132 2073 
5.759240759 4.388737339e+12 2084413692 2106 
5.767232767 4.488227611e+12 2093875967 2144 
5.775224775 4.400897042e+12 2061790867 2135 
5.783216783 4.403854807e+12 2044973432 2154 
5.791208791 4.213951863e+12 2002350939 2105 
5.799200799 4.158305202e+12 1977788774 2103 
5.807192807 4.227586308e+12 2001222230 2113 
5.815184815 4.197164565e+12 2012543915 2086 
5.823176823 4.258686662e+12 1995166184 2135 
5.831168831 4.1404207e+12 1969282471 2103 
5.839160839 4.191391578e+12 1975671549 2122 
5.847152847 3.982729411e+12 1959520491 2033 
5.855144855 4.130687578e+12 1959992053 2108 
5.863136863 4.073617832e+12 1972216743 2066 
5.871128871 4.083730376e+12 1924016953 2123 
5.879120879 4.1493062e+12 1958603647 2119 
5.887112887 3.912352011e+12 1919228830 2039 
5.895104895 4.106543856e+12 1932943965 2125 
5.903096903 3.988876988e+12 1860915558 2144 
5.911088911 3.993541566e+12 1902137304 2100 
5.919080919 4.023851601e+12 1855590041 2169 
5.927072927 4.072431777e+12 1892831632 2152 
5.935064935 4.197544716e+12 1898909719 2211 
5.943056943 4.151736709e+12 1841531038 2255 
5.951048951 3.914331131e+12 1923974985 2035 
5.959040959 4.066489917e+12 1878718105 2165 
5.967032967 3.856244431e+12 1794017173 2150 
5.975024975 3.905444142e+12 1837421656 2126 
5.983016983 3.900575556e+12 1808750757 2157 
5.991008991 3.876612361e+12 1793480356 2162 
5.999000999 3.973278027e+12 1840756763 2159 
6.006993007 4.016405517e+12 1807154410 2223 
6.014985015 3.947506481e+12 1829664858 2158 
6.022977023 3.931430951e+12 1779328430 2210 
6.030969031 3.857687327e+12 1786377756 2160 
6.038961039 3.906295644e+12 1775990409 2200 
6.046953047 3.685393212e+12 1735525690 2124 
6.054945055 3.773025199e+12 1743137266 2165 
6.062937063 3.926870811e+12 1765280270 2225 
6.070929071 3.738190124e+12 1706544360 2191 
6.078921079 3.80461727e+12 1734493985 2194 
6.086913087 3.733807894e+12 1746808620 2138 
6.094905095 3.679655013e+12 1687525959 2181 
6.102897103 3.714097926e+12 1709594155 2173 
6.110889111 3.704720643e+12 1709211553 2168 
6.118881119 3.721697701e+12 1702123492 2187 
6.126873127 3.655869297e+12 1707151440 2142 
6.134865135 3.638097131e+12 1644335515 2213 
6.142857143 3.678864075e+12 1659760548 2217 
6.150849151 3.578038218e+12 1643184188 2178 
6.158841159 3.736176446e+12 1669797332 2238 
6.166833167 3.895103138e+12 1680732624 2318 
6.174825175 3.597893814e+12 1618119613 2224 
6.182817183 3.506429931e+12 1596369313 2197 
6.190809191 3.694706954e+12 1612350770 2292 
6.198801199 3.606233383e+12 1608128625 2243 
6.206793207 3.636465555e+12 1623782375 2240 
6.214785215 3.490984678e+12 1595147351 2189 
6.222777223 3.45859463e+12 1551284927 2230 
6.230769231 3.550715885e+12 1571458670 2260 
6.238761239 3.510664301e+12 1566908889 2241 
6.246753247 3.517809814e+12 1575724487 2233 
6.254745255 3.565738481e+12 1569079604 2273 
6.262737263 3.469020681e+12 1567208433 2214 
6.270729271 3.492390937e+12 1544278534 2262 
6.278721279 3.414283413e+12 1543176770 2213 
6.286713287 3.430840015e+12 1547861578 2217 
6.294705295 3.539258588e+12 1544513820 2292 
6.302697303 3.498481045e+12 1505692156 2324 
6.310689311 3.492748297e+12 1544436553 2262 
6.318681319 3.416682e+12 1525642808 2240 
6.326673327 3.415112805e+12 1516814487 2252 
6.334665335 3.430292864e+12 1467502664 2338 
6.342657343 3.546927133e+12 1505804145 2356 
6.350649351 3.360367273e+12 1474813324 2279 
6.358641359 3.399182668e+12 1472461519 2309 
6.366633367 3.432079631e+12 1500360428 2288 
6.374625375 3.373569279e+12 1470923958 2294 
6.382617383 3.435355382e+12 1455965200 2360 
6.390609391 3.381388812e+12 1464753545 2309 
6.398601399 3.158705823e+12 1440684650 2193 
6.406593407 3.445609393e+12 1486135042 2319 
6.414585415 2.273530686e+12 1333056507 1706 
6.422577423 3.239698395e+12 1415022157 2290 
6.430569431 3.204728202e+12 1436129644 2232 
6.438561439 3.206450217e+12 1406027227 2281 
6.446553447 3.299679354e+12 1420130850 2324 
6.454545455 3.232584369e+12 1403333682 2304 
6.462537463 3.359051103e+12 1396982903 2405 
6.470529471 3.073537289e+12 1354874241 2269 
6.478521479 3.440253999e+12 1423060280 2418 
6.486513487 3.213810834e+12 1378428252 2332 
6.494505495 3.181194847e+12 1402950289 2268 
6.502497502 3.244592643e+12 1373370215 2363 
6.51048951 3.142703477e+12 1360769957 2310 
6.518481518 3.302666684e+12 1362764959 2424 
6.526473526 3.296526792e+12 1379009056 2391 
6.534465534 3.247808131e+12 1376479184 2360 
6.542457542 3.219446287e+12 1386793440 2322 
6.55044955 3.183236056e+12 1360064366 2341 
6.558441558 2.972432573e+12 1339233034 2220 
6.566433566 3.156313397e+12 1344540130 2348 
6.574425574 3.000777889e+12 1299879847 2309 
6.582417582 3.060967055e+12 1309502314 2338 
6.59040959 3.068217977e+12 1326221178 2314 
6.598401598 3.067315582e+12 1302190660 2356 
6.606393606 3.098629501e+12 1306058562 2373 
6.614385614 3.029593567e+12 1304451341 2323 
6.622377622 3.053996187e+12 1304845450 2341 
6.63036963 3.082107042e+12 1288234643 2393 
6.638361638 3.021846299e+12 1269414281 2381 
6.646353646 3.009834775e+12 1272386068 2366 
6.654345654 3.050284079e+12 1285139461 2374 
6.662337662 2.954517428e+12 1259114420 2347 
6.67032967 2.925568047e+12 1269500023 2305 
6.678321678 3.141357101e+12 1275675573 2463 
6.686313686 3.023589342e+12 1287453222 2349 
6.694305694 3.130835073e+12 1258118924 2489 
6.702297702 2.949859814e+12 1244401712 2371 
6.71028971 2.919588556e+12 1234757043 2365 
6.718281718 3.069765029e+12 1253730486 2449 
6.726273726 2.913196621e+12 1208542157 2411 
6.734265734 2.889145093e+12 1223434079 2362 
6.742257742 2.974033456e+12 1232757595 2413 
6.75024975 3.032639929e+12 1197486109 2533 
6.758241758 2.918541982e+12 1212772180 2407 
6.766233766 2.82531006e+12 1190855423 2373 
6.774225774 2.947048381e+12 1185217074 2487 
6.782217782 2.898805379e+12 1212633226 2391 
6.79020979 2.901996267e+12 1184244163 2451 
6.798201798 2.861519335e+12 1199041986 2387 
6.806193806 2.818518708e+12 1170721898 2408 
6.814185814 2.744597134e+12 1180215776 2326 
6.822177822 2.870326271e+12 1179987836 2433 
6.83016983 2.694115339e+12 1143267492 2357 
6.838161838 2.656543121e+12 1140389677 2330 
6.846153846 2.82884712e+12 1137679868 2487 
6.854145854 2.818854992e+12 1159304601 2432 
6.862137862 2.730292839e+12 1142140632 2391 
6.87012987 1.794220391e+12 1280213014 1402 
6.878121878 2.81328694e+12 1142449109 2463 
6.886113886 2.735360177e+12 1142826198 2394 
6.894105894 2.866291115e+12 1145368594 2503 
6.902097902 2.824850764e+12 1146214139 2465 
6.91008991 2.689175222e+12 1135389347 2369 
6.918081918 2.773390101e+12 1112245413 2494 
6.926073926 2.735259257e+12 1110311850 2464 
6.934065934 2.672484399e+12 1110525104 2407 
6.942057942 2.777450403e+12 1090690740 2547 
6.95004995 2.621719189e+12 1065520498 2461 
6.958041958 2.625117325e+12 1072130440 2449 
6.966033966 2.689774378e+12 1072689189 2508 
6.974025974 2.661732337e+12 1078276806 2469 
6.982017982 2.747931117e+12 1087210595 2528 
6.99000999 2.670182243e+12 1071284285 2493 
6.998001998 2.600392927e+12 1069018320 2433 
7.005994006 2.573685319e+12 1060218117 2428 
7.013986014 2.490531035e+12 1044902625 2384 
7.021978022 2.58788262e+12 1049635608 2466 
7.02997003 2.618256877e+12 1043335576 2510 
7.037962038 2.690415487e+12 1054028999 2553 
7.045954046 2.568158082e+12 1050154223 2446 
7.053946054 2.535144049e+12 1033274131 2454 
7.061938062 2.478820088e+12 1026211676 2416 
7.06993007 2.63916849e+12 1052507379 2508 
7.077922078 2.677669107e+12 1028090755 2605 
7.085914086 2.621528062e+12 1027443308 2552 
7.093906094 2.521759786e+12 1005684366 2508 
7.101898102 2.533627007e+12 1024306019 2474 
7.10989011 2.52568462e+12 1011687737 2497 
7.117882118 2.478357138e+12 1000747447 2477 
7.125874126 2.538128291e+12 1002615813 2532 
7.133866134 2.474792976e+12 979144068.5 2528 
7.141858142 2.510835152e+12 1010190715 2486 
7.14985015 2.534612771e+12 999647560.4 2536 
7.157842158 2.516963745e+12 996617467.2 2526 
7.165834166 2.49546905e+12 974599702.8 2561 
7.173826174 2.500632743e+12 985468512.3 2538 
7.181818182 2.458939312e+12 976348229.3 2519 
7.18981019 2.506220503e+12 983793546.3 2548 
7.197802198 2.445435235e+12 949128135.2 2577 
7.205794206 2.479312112e+12 957076025.7 2591 
7.213786214 2.434938478e+12 959579146.3 2538 
7.221778222 2.431221449e+12 957736872.1 2539 
7.22977023 2.402274368e+12 937836365.3 2562 
7.237762238 2.396177569e+12 936553084.5 2559 
7.245754246 2.324871781e+12 950670965.7 2446 
7.253746254 2.348693746e+12 947242445.2 2480 
7.261738262 2.353496384e+12 934480875.7 2519 
7.26973027 2.343586543e+12 945945691.2 2478 
7.277722278 2.421545266e+12 930108903.2 2604 
7.285714286 2.320851772e+12 923352097.9 2514 
7.293706294 2.383339419e+12 915785855 2603 
7.301698302 2.28073301e+12 914668873.3 2494 
7.30969031 2.309845594e+12 900697624.7 2565 
7.317682318 2.288588544e+12 912330992.6 2509 
7.325674326 2.077090992e+12 992159859.8 2094 
7.333666334 2.306789985e+12 909077276.2 2538 
7.341658342 2.371263646e+12 928266652.4 2555 
7.34965035 2.274106694e+12 899742966.5 2528 
7.357642358 2.235147561e+12 885379769.8 2525 
7.365634366 2.274256259e+12 903735334.1 2517 
7.373626374 2.317730088e+12 891260667.5 2601 
7.381618382 2.285928955e+12 871990128.3 2622 
7.38961039 2.2401163e+12 883846880.1 2535 
7.397602398 2.331487378e+12 896895811.3 2600 
7.405594406 2.265979096e+12 884627201.1 2562 
7.413586414 2.242094201e+12 887077291.3 2528 
7.421578422 2.239850569e+12 875110005.1 2560 
7.42957043 2.235405369e+12 874398151.1 2557 
7.437562438 2.233996898e+12 847974945.8 2635 
7.445554446 2.210151266e+12 861822861.5 2565 
7.453546454 2.351647627e+12 868565220.3 2708 
7.461538462 2.13192665e+12 844492103.9 2525 
7.46953047 2.193043855e+12 858499655.1 2555 
7.477522478 2.189122159e+12 845381537.8 2590 
7.485514486 2.228434766e+12 853967424.7 2610 
7.493506494 2.165931948e+12 835458154.2 2593 
7.501498501 2.100052952e+12 839850725.3 2501 
7.509490509 2.200707848e+12 849199756.9 2592 
7.517482517 2.118652858e+12 837575212 2530 
7.525474525 2.142857574e+12 839510714 2553 
7.533466533 2.180544145e+12 840122306.3 2596 
7.541458541 2.110223471e+12 811777938.2 2600 
7.549450549 2.135903347e+12 824193196.4 2592 
7.557442557 2.057275582e+12 800649549.1 2570 
7.565434565 2.046237951e+12 810870465.8 2524 
7.573426573 2.116742812e+12 819328884.9 2584 
7.581418581 2.119355384e+12 809066065.3 2620 
7.589410589 2.098535388e+12 820218440.2 2559 
7.597402597 2.096461364e+12 804317899.8 2607 
7.605394605 1.98284848e+12 786374046.4 2522 
7.613386613 2.158631205e+12 820613693.9 2631 
7.621378621 2.046944715e+12 792312009.5 2584 
7.629370629 2.092270173e+12 799947760.6 2616 
7.637362637 2.104128314e+12 798982879.8 2634 
7.645354645 2.100695671e+12 787217007.6 2669 
7.653346653 2.063475426e+12 779697130.5 2647 
7.661338661 2.029405824e+12 795686867.5 2551 
7.669330669 2.018242587e+12 783324658.9 2577 
7.677322677 2.076074112e+12 788929212.4 2632 
7.685314685 1.946854175e+12 778583466.7 2501 
7.693306693 2.07534529e+12 777425809.3 2670 
7.701298701 2.014825107e+12 770632360 2615 
7.709290709 1.976690901e+12 762756789.4 2592 
7.717282717 2.022213987e+12 753289928.2 2685 
7.725274725 2.012676666e+12 764256603.1 2634 
7.733266733 1.943663244e+12 765369887.7 2540 
7.741258741 1.955901257e+12 755025894.6 2591 
7.749250749 1.969383632e+12 746400114.7 2639 
7.757242757 1.968127203e+12 746773018.2 2636 
7.765234765 1.9949083e+12 741461101.4 2691 
7.773226773 2.019655973e+12 755150066.3 2675 
7.781218781 1.973291248e+12 763802828.9 2584 
7.789210789 1.496328266e+12 686229557 2181 
7.797202797 1.827407527e+12 725879333.7 2518 
7.805194805 1.964604169e+12 750275862.3 2619 
7.813186813 1.975660983e+12 740361212 2669 
7.821178821 1.822376249e+12 729677695.8 2498 
7.829170829 1.925348361e+12 710326893.1 2711 
7.837162837 1.861271101e+12 721001150.2 2582 
7.845154845 1.913111548e+12 721517838.5 2652 
7.853146853 1.92332028e+12 727013159.4 2646 
7.861138861 1.923553048e+12 712028791.3 2702 
7.869130869 1.815621752e+12 707152947.1 2568 
7.877122877 1.910980448e+12 716122674.7 2669 
7.885114885 1.94446197e+12 719768536.8 2702 
7.893106893 1.836386439e+12 710260988.5 2586 
7.901098901 1.793068788e+12 690037354.7 2599 
7.909090909 1.915769631e+12 707053818 2710 
7.917082917 1.834955092e+12 701298787.1 2617 
7.925074925 1.851542156e+12 697245390.4 2656 
7.933066933 1.74361734e+12 704631743.7 2475 
7.941058941 1.806115377e+12 683226184.5 2644 
7.949050949 1.856057861e+12 696846554.1 2664 
7.957042957 1.811100422e+12 689021701.7 2629 
7.965034965 1.824672823e+12 692341456.1 2636 
7.973026973 1.759755171e+12 673072620.1 2615 
7.981018981 1.810744278e+12 681368671.6 2658 
7.989010989 1.913086946e+12 695033387.2 2753 
7.997002997 1.802303821e+12 670871629.2 2687 
8.004995005 1.733455664e+12 680451111.1 2548 
8.012987013 1.78205971e+12 679006611.6 2625 
8.020979021 1.794934959e+12 666145009 2695 
8.028971029 1.748740557e+12 665044180.1 2630 
8.036963037 1.724686197e+12 673571439.7 2561 
8.044955045 1.759308112e+12 667033624.6 2638 
8.052947053 1.715646307e+12 662025707.3 2592 
8.060939061 1.715833524e+12 657278965 2611 
8.068931069 1.689738877e+12 652280330.3 2591 
8.076923077 1.730652248e+12 659670438.1 2624 
8.084915085 1.758675924e+12 654388364.3 2688 
8.092907093 1.683995994e+12 640421794.1 2630 
8.100899101 1.717425094e+12 645524541.9 2661 
8.108891109 1.690701355e+12 645426425.4 2620 
8.116883117 1.658008485e+12 640031577.8 2591 
8.124875125 1.671995476e+12 647932124.1 2581 
8.132867133 1.767193666e+12 656580512.8 2692 
8.140859141 1.688106053e+12 655190935.1 2577 
8.148851149 1.69697295e+12 647079542.5 2623 
8.156843157 1.712637798e+12 643000086.7 2664 
8.164835165 1.64977013e+12 640311865.1 2577 
8.172827173 1.712811552e+12 641619948.6 2670 
8.180819181 1.668580543e+12 623416179.9 2677 
8.188811189 1.73576287e+12 635691426.9 2731 
8.196803197 1.672686544e+12 633470781.5 2641 
8.204795205 1.675455801e+12 629040260.5 2664 
8.212787213 1.607876802e+12 626727830.2 2566 
8.220779221 1.616616103e+12 621892430.5 2600 
8.228771229 1.648805768e+12 625374111.1 2637 
8.236763237 1.61233573e+12 625297308 2579 
8.244755245 8.787043563e+11 687291973.1 1279 
8.252747253 1.612766222e+12 605731139.4 2663 
8.260739261 1.608228358e+12 603573384.7 2665 
8.268731269 1.578567981e+12 595346398.7 2652 
8.276723277 1.600374285e+12 611644359.2 2617 
8.284715285 1.594045678e+12 603231304 2643 
8.292707293 1.609692439e+12 614501089.4 2620 
8.300699301 1.598177783e+12 599801354.6 2665 
8.308691309 1.542114082e+12 594604735.6 2594 
8.316683317 1.528121481e+12 589891833.9 2591 
8.324675325 1.589759628e+12 595301449.9 2671 
8.332667333 1.62848345e+12 599034793.1 2719 
8.340659341 1.604819364e+12 603426327 2660 
8.348651349 1.622101468e+12 607867481 2669 
8.356643357 1.582745884e+12 593564147.5 2667 
8.364635365 1.552450652e+12 590844442.7 2628 
8.372627373 1.588884029e+12 594528311.3 2673 
8.380619381 1.551255748e+12 587260570.1 2642 
8.388611389 1.589041441e+12 582383734.7 2729 
8.396603397 1.557563938e+12 589648678.9 2642 
8.404595405 1.556094637e+12 580088524 2683 
8.412587413 1.546451946e+12 582794395.8 2654 
8.420579421 1.498544975e+12 580266536.6 2583 
8.428571429 1.541455924e+12 569325435.7 2708 
8.436563437 1.573628212e+12 575679810.9 2734 
8.444555445 1.505514517e+12 573199178.6 2627 
8.452547453 1.512632833e+12 565150641.9 2677 
8.460539461 1.518834276e+12 572602173.3 2653 
8.468531469 1.499811086e+12 566498243.8 2648 
8.476523477 1.550810379e+12 566089759.7 2740 
8.484515485 1.46940517e+12 559451092.9 2627 
8.492507493 1.487404977e+12 558437359.3 2664 
8.5004995 1.522370634e+12 564151704.8 2699 
8.508491508 1.504171625e+12 561989346 2677 
8.516483516 1.486346774e+12 555952739.7 2674 
8.524475524 1.415358883e+12 546784704.2 2589 
8.532467532 1.462837806e+12 555259399.9 2635 
8.54045954 1.42714858e+12 543362537.3 2627 
8.548451548 1.423168836e+12 538974393.8 2641 
8.556443556 1.453874973e+12 549562652.8 2646 
8.564435564 1.48055031e+12 552132441.6 2682 
8.572427572 1.439484278e+12 537419124.8 2679 
8.58041958 1.442978713e+12 543389826.6 2656 
8.588411588 1.435759152e+12 538238822.6 2668 
8.596403596 1.374633202e+12 534978253.7 2570 
8.604395604 1.465126995e+12 533255493.3 2748 
8.612387612 1.410399109e+12 538009635.6 2622 
8.62037962 1.407703116e+12 531506937.6 2649 
8.628371628 1.369827731e+12 526145948 2604 
8.636363636 1.405702978e+12 534180534.2 2632 
8.644355644 1.418970889e+12 534349033.9 2656 
8.652347652 1.424592537e+12 532854090.7 2674 
8.66033966 1.420476252e+12 522519361.1 2719 
8.668331668 1.348859103e+12 511219315 2639 
8.676323676 1.440681381e+12 532301525.2 2707 
8.684315684 1.394517442e+12 515816591.1 2704 
8.692307692 1.341330587e+12 517785716.4 2591 
8.7002997 1.140524297e+12 563080833.1 2026 
8.708291708 1.433486771e+12 517968972.9 2768 
8.716283716 1.346889951e+12 515948346.5 2611 
8.724275724 1.360958958e+12 510580331.8 2666 
8.732267732 1.340648065e+12 511988249 2619 
8.74025974 1.339712391e+12 505263202.7 2652 
8.748251748 1.406559148e+12 515314789.8 2730 
8.756243756 1.345411837e+12 506648392.6 2656 
8.764235764 1.347901949e+12 503227476.3 2679 
8.772227772 1.32165908e+12 503007496.6 2628 
8.78021978 1.314722144e+12 500748532.4 2626 
8.788211788 1.29244451e+12 498145230.4 2595 
8.796203796 1.311602891e+12 499560471.8 2626 
8.804195804 1.377182354e+12 505478051.7 2725 
8.812187812 1.315413999e+12 495912152.3 2653 
8.82017982 1.355043566e+12 497352234.6 2725 
8.828171828 1.315831912e+12 489063257.1 2691 
8.836163836 1.349171357e+12 494652222.8 2728 
8.844155844 1.322562575e+12 495246382.2 2671 
8.852147852 1.29989048e+12 485483970.5 2678 
8.86013986 1.303320266e+12 487128808.6 2676 
8.868131868 1.303735148e+12 484747326.3 2690 
8.876123876 1.33479105e+12 493541784.5 2705 
8.884115884 1.306563949e+12 485438129 2692 
8.892107892 1.318233168e+12 480315414.5 2745 
8.9000999 1.33844115e+12 478610172.7 2797 
8.908091908 1.266903204e+12 479430933.2 2643 
8.916083916 1.318799302e+12 480696845.1 2744 
8.924075924 1.28508946e+12 477104965.4 2694 
8.932067932 1.213150101e+12 470666722.8 2578 
8.94005994 1.262804307e+12 470403099 2685 
8.948051948 1.288372617e+12 469435271.7 2745 
8.956043956 1.257600523e+12 474295120.4 2652 
8.964035964 1.26185914e+12 470752461.8 2681 
8.972027972 1.250387773e+12 467170046.2 2677 
8.98001998 1.267639445e+12 477901009.8 2653 
8.988011988 1.21485334e+12 468058803.1 2596 
8.996003996 1.23051447e+12 464079750.8 2652 
