# Format: McCode with text headers
# URL: http://www.mccode.org
# Creator: 
# Instrument: BOA_beamline_monitors.instr
# Ncount: 2000000
# Trace: no
# Gravitation: no
# Seed: 1672827109412675
# Directory: Unmodified
# Param: flagin=0
# Param: trompete_exit_slit_width=0.04
# Param: trompete_exit_slit_height=0.04
# Date: Wed Jan  4 11:11:50 2023 (1672827110)
# type: array_2d(100, 20)
# Source: BOA_RNR51 (BOA_beamline_monitors.instr)
# component: source_divergence_check
# position: 0 0 1
# title: Divergence monitor
# Ncount: 2000000
# filename: divsource.dat
# statistics: X0=0.0486334; dX=1.53164; Y0=-0.00394953; dY=2.32419;
# signal: Min=0; Max=2.81987e+09; Mean=6.55812e+08;
# values: 1.31162e+12 2.43701e+09 936199
# xvar: X 
# yvar: Y 
# xlabel: X divergence [deg]
# ylabel: Y divergence [deg]
# zvar: I
# zlabel: Signal per bin
# xylimits: -5 5 -5 5
# variables: I I_err N
# Data [source_divergence_check/divsource.dat] I:
0 0 0 0 0 0 0 0 0 0 0 0 0 771765.9418 5063070.126 27157109.13 46374737.35 45153658.26 55987832.43 85766535.73 89903095.44 146708357.9 109957126.6 109157081.4 171525397.3 172466294.1 250661272.9 276598865.8 282766868.2 253819175.9 233963090.4 310633535.9 292030387 354230256.4 310770846.5 419652316.4 373489337.7 478762536.1 425504841.6 415286945.3 442401030.1 470096443.1 483063443.4 555774743.8 489437517.8 477392034.4 652963023.3 541569211.8 651815892.1 610712024.1 591960807 517491568.2 669953905.7 617297248.2 485146971.8 580015438.3 498825118.7 620998113 439931201.7 569047480.8 559898290.3 451745196.9 480143658.5 481387420 454151365.6 416553185 400109536.2 363701138.6 365452325.2 326333519.3 324682833.8 378074953.4 230634865.6 271974126.5 323244109.7 234522773.7 197052000.1 205372874.8 147788802.5 159795865.5 149297203 107721128.3 83656452.98 92569590.46 67966822.12 38763955.5 20806996.54 3587137.103 0 0 0 0 0 0 0 0 0 0 0 0 
0 0 0 0 0 0 0 0 0 0 0 0 581640.2377 7358442.668 29184426.13 22426466.84 71996822.01 98376037.88 79708228.36 153869099.9 182546691.2 253401573.7 162287652.8 236562558.3 267830038.2 241702464.2 255375857.5 318776111 321582232.9 403120914.4 398923477.2 374934071.5 455338274.8 474639180.6 501007929.2 517978058.5 564648092.9 599734358.6 701877864.8 633049771 640843833.1 542425898.1 675188509 666935381.1 752650968.7 804552069.5 797552903.6 816922010.7 833552926.9 723449426.9 835186573.3 765533310.7 816692410.1 799308713.2 755043033.9 856692057.8 838478115.4 688885030.3 705278252.5 712556980.7 743827612.4 607873235.2 732694828.3 650889275.1 650271294.5 587240489.5 519608704.6 578163012.6 474277687.5 531512672.5 473061394 377151029.9 286248030.2 374523783.4 283196359 257211565.6 241577485.3 256256933.1 242562984.9 226636281.5 153766925.7 131042804.3 94541291.42 98868810.3 114476046.4 39618910.59 47464951.92 1999788.766 0 0 0 0 0 0 0 0 0 0 0 0 
0 0 0 0 0 0 0 0 0 0 0 0 904222.0917 27832806.68 26954760.17 59235588.2 90629105.81 94215833.72 117082627 179466687 235095131.5 275075345.7 342310927.6 332213302.5 345670578.3 369019196.7 375881463.7 437394793.7 463400457.2 445117867 543026329.8 476592090.6 571586148.5 558284652 666407410.6 757032624.8 698005496.2 842779295.6 692554681.3 707952186 794915882.4 912590463.4 1067506474 961774995.5 900609241.5 1080620149 966597084.1 901007093.3 959088069.5 1015977431 1106755960 998407875.5 848398456.5 930995526 1020213032 963266687.3 1003685957 986275776.6 1001032625 807625079.3 916749268.2 892217750 762491338 708367233.7 744836453.2 679890152.3 722688403.7 576947271 604944613.5 513417219.1 558417777.7 525224045.3 489724840.8 442588738.7 373740610.3 323864729.7 273296587.6 308401507.1 281168036.2 186099927.5 184331858.1 216850725 183080614.6 113317422.5 86938700.75 68368730.51 55047590.79 1971956.978 0 0 0 0 0 0 0 0 0 0 0 0 
0 0 0 0 0 0 0 0 0 0 0 0 635449.8424 22530639.82 42171382.07 87325551.16 102600358.1 178206450.6 173423539.5 271689274.9 263932226.1 301565352.5 360966743.2 302963556.5 393150543.6 473838331.4 475215825 538254403.7 600663513 608806695.9 596624859.5 776773558.3 748528977.1 709251151.1 868267283.8 845543991 864180132.8 925883094.2 989189336.5 1100087220 1069782354 1028254542 1129333393 1230174341 1044846098 1362418700 1155432920 1260026012 1299469783 1299585313 1119343682 1196162828 1310384893 1085150415 1114944063 1195216845 1178119994 1205875876 1246184135 1004459285 1003017500 971957932.7 1005407405 872130515.1 866115825.4 845332645.4 872716013.1 769990502.1 752227578.7 787667110.9 713024582.3 632233557.2 631354657.9 518467765.1 517526946.8 481568349.9 406810513.1 377801507.6 413629212.6 329534676.4 287806244.9 207234531.1 205123174.1 144433152.9 144571031.5 48469034.1 27283152.58 8518027.58 0 0 0 0 0 0 0 0 0 0 0 0 
0 0 0 0 0 0 0 0 0 0 0 0 6211587.202 10887244.4 97897310.87 95679872.06 138847639 196967084.4 209122135.1 297835215.1 291891500.6 321637365.3 377876966 436623721.7 463013105.8 510248102.6 539101225.3 671079524.7 803273181.8 716799462.2 781362291 777153832.9 878961785.1 927993306.5 920695147.4 1052062252 970084050.7 1126618549 1241148583 1191669122 1162777558 1152563598 1341131959 1453607119 1485468450 1410325015 1421130235 1501376972 1552605297 1557071737 1436703692 1435536633 1400666613 1417733543 1492128384 1447819111 1296974843 1329935844 1365071880 1457570122 1150305650 1329279131 1206556399 1086553190 1111459601 1006446992 1042411048 866933603.6 1039410993 883749535.8 746957178.2 783524956.3 753386949.4 666754740.2 647759601.2 494291069.3 464825511.6 440831865.9 439816871.8 412511188.4 283971476.5 276167806.1 202606387.2 207994754.2 99038363.83 133640762.6 32029361.85 8235685.426 0 0 0 0 0 0 0 0 0 0 0 0 
0 0 0 0 0 0 0 0 0 0 0 0 9994494.995 30461688.97 94779063.61 145422703.8 166510194.1 252089319.4 291173316.3 266373639.3 397970864 442508623 515935505.7 509659223.8 543830116.4 601911766.1 750098394.6 759038281.5 817161952.5 878327276.4 1020983783 943153553 1030381932 1063381026 1083621642 1263856725 1163757730 1327139779 1419740115 1381975213 1429640655 1562737586 1512858422 1634374404 1515692038 1538495225 1544973132 1756791262 1612087189 1733197619 1573977155 1552183258 1773871883 1606458337 1584482853 1703255215 1656932351 1510478485 1457871579 1471714434 1481268934 1345819079 1308366895 1179414287 1116259199 1163385633 1240419718 1037634765 932259328.2 885912416.6 875805048.6 922316925.4 728595529.9 686898776.6 791990417.1 644161587.5 608846157.1 584926829.4 551949112.5 414894386.9 362287831.9 381592805.9 258741772.1 257271260.7 130906175.3 105828353.8 62437609.39 11104833.22 0 0 0 0 0 0 0 0 0 0 0 0 
0 0 0 0 0 0 0 0 0 0 0 0 3702169.869 40248519.06 56108598.31 184693653.5 241234737.5 259211356.9 338097622.6 351345493.8 409562592.3 502512235.6 554789829.7 562790432.2 665505457 779309034 786050084.2 747837326.7 878157667 1114992033 1043890079 1074495248 1202205605 1105314146 1219504861 1244469822 1367491583 1389492070 1362581055 1579655746 1691339140 1728909924 1587650734 1948887407 1829752537 1756671145 1831174888 1979681001 2002365898 1914705761 1836382215 1967590280 1835349675 1959180429 1986996070 1907343115 1860426932 1552871256 1636202285 1924723064 1640295324 1507001829 1529800102 1523949140 1184040674 1275108325 1254080244 1189100337 1017540945 1027400392 1074590226 808476684.7 860540834.5 875689549.3 859663224.3 687840973.9 564418532.9 576585649.6 581971149.3 451668475.6 424279105.1 328806118.3 323086300.3 248582937.6 153086297.7 125403206.7 56177586.7 38467908.79 0 0 0 0 0 0 0 0 0 0 0 0 
0 0 0 0 0 0 0 0 0 0 0 0 12195341.97 55443366.26 95139272.62 228769275.3 200540145.9 319698043.8 315976595 332046062.6 453072666.6 547052992.3 558085911.7 776270203.1 688519210 787956452.6 803861655.5 985448404 909450276.4 1092568951 1122367682 1310697358 1195110233 1289251122 1416143701 1486215215 1575131735 1666100481 1631335347 1763168606 1694635049 1717550736 1881807263 1982976338 2028051256 1904697457 2175294846 2070758091 2113786338 2135295540 2174559548 2025193650 2169453456 2146608948 1988869933 1979646977 2050094552 1969401877 1869998081 1681114212 1600838276 1724559381 1628031569 1542356710 1552926595 1459635442 1411661262 1259724728 1234582459 1079939288 1311158479 1074972298 950738518 911149377.1 857748905.7 789714211.7 793429439.5 685794035.6 634684830.7 479933565.3 482383368.9 414989381.2 423788649.2 254990520.6 184369004.3 147721902.7 55979807.33 14285216.88 0 0 0 0 0 0 0 0 0 0 0 0 
0 0 0 0 0 0 0 0 0 0 0 0 3049101.689 69133929.06 129158291 162003912.9 230151631.1 350545219.1 341128575.8 387225275 507099516.4 597728031.5 682317844.5 680875704.4 801091748.5 871077215.5 1052855162 1097463309 1191829417 1118715840 1214589491 1282058522 1492291682 1416271129 1485712560 1583381879 1696234339 1794757257 1749024552 2024097322 2088123051 2043099167 2142628737 2166278795 2277337311 2109567640 2156131109 2303986211 2329680174 2428942222 2457090148 2441215676 2152939920 2306456836 2088166757 2138312861 2254066133 1988914441 2160602699 2146724305 1823682020 1876805484 1877529174 1676724952 1586821246 1549605881 1664997354 1472042261 1345957366 1382858548 1190373436 1025858415 1156711553 1063201727 928178805.2 985903444.3 814006195.7 762555552.4 610748616.9 618410557.5 513447664.9 421946014.4 360938818.9 238950480.7 232034489 150003144.6 82227824.85 9993354.99 0 0 0 0 0 0 0 0 0 0 0 0 
0 0 0 0 0 0 0 0 0 0 0 0 10909714.1 46237595.33 119396984.3 162814650.8 224110537 312145254.4 408298760.6 518297085.3 680782226.2 619796880.4 649980983.9 834700961.6 836107248.2 946545533.7 1101286945 1087248134 1346843335 1309681670 1420669810 1439702492 1390266647 1567302653 1744886853 1863811562 1858633763 2023315288 1935894345 2096265896 2115970535 2086258884 2456058238 2334406515 2463016141 2507611063 2512936705 2659467210 2532560557 2497127791 2537409280 2553169145 2583452418 2819867708 2437245610 2739673746 2327212362 2385884752 2355930585 2452883401 2145965464 1817423776 1852522244 1680962060 1826361363 1820134776 1630799915 1589787603 1328546040 1373086651 1335989816 1203356735 1159281449 1058518182 999164390.6 880898070 933187300.2 892995573.6 716751823.7 607535972.1 592851846.8 557487060.6 387031935.5 337502980 219994916.3 168782623 101997835.8 8567392.05 0 0 0 0 0 0 0 0 0 0 0 0 
0 0 0 0 0 0 0 0 0 0 0 0 6872935.932 56258929.78 82970398.68 194305859.9 316824508.9 347891844.9 351576263.4 536001418.1 670598842.1 645885813.6 712520417.7 769833905.8 809424792.8 933160021.4 1093813679 1112613098 1299118296 1210706277 1202965952 1390591820 1484379062 1608586890 1561844041 1849770354 1644179779 2160140781 1982277259 2000847460 2047601855 2243114349 2252935767 2334203761 2466042676 2443737650 2358634417 2512997337 2514122251 2637919084 2723324303 2479821332 2458872128 2630568226 2508821525 2650123228 2587733110 2472422973 2126201220 2229136322 2215870074 2088180899 2059995939 1901511692 1821281583 1721987903 1705371039 1649516609 1320172673 1316200264 1337820908 1308393965 1158449516 1171706156 1081226377 934104627.7 763317186.5 761074320.7 658629265.4 568250553.7 617607892.7 411032144.3 376438005.6 294024949.3 226393774.9 126549337.1 104549697.8 19526215.96 0 0 0 0 0 0 0 0 0 0 0 0 
0 0 0 0 0 0 0 0 0 0 0 0 13522202.77 42137430.31 104055743 202394453.3 240679989.6 314976981.7 418561654.3 472754843.6 585947119.3 577351881.5 679186492.1 755584937.1 783130302.2 946947198.7 898450970 1047477775 1007196712 1233989058 1153058549 1391165867 1446840077 1470963335 1419498373 1570416602 1594525775 1821244099 1758434623 1898718407 1978643065 2169531034 2035416738 2074428989 2246731657 2226958216 2391447355 2345976027 2233247487 2165430843 2265927580 2273254915 2291581392 2390212414 2327730932 2388255594 2139418895 2126449780 2108980504 2094271385 1903686245 1936563471 1729217171 1803930598 1479436814 1647680202 1482147371 1333221795 1430779443 1290031476 1349926086 1205896916 1072628369 1085193497 955572329.5 843040896.6 741843406.1 731917818.8 658884002.4 616413713.2 499546722.1 514525241.3 364628676.6 238985695.9 219266397.8 148126800.5 67173565.11 9531879.853 0 0 0 0 0 0 0 0 0 0 0 0 
0 0 0 0 0 0 0 0 0 0 0 0 3062635.371 64218439.17 98997505.14 152197131.5 219328739 320559078.9 381015877.4 380533288.4 557280425.1 583339176.6 717342859.8 724346410.4 669226016.8 732552481 772528391.3 911304210.6 1016901134 1046897168 1166859542 1241815494 1257089337 1338562933 1226103800 1471795503 1522928848 1627561151 1552752022 1436410608 1671638271 1935790572 1928967489 1970585918 1889500604 2103455652 2037805317 2214653414 2219758831 2370477014 2207226406 2156553971 2037896696 2245409020 2065918464 2170825326 2038138361 2297886281 1874746921 2072331025 1739379339 1729731702 1564400233 1613660993 1434169681 1500317025 1344594215 1414283727 1218739076 1187804244 1103927392 1043896916 1097815034 861557695.4 886180067 764083626.9 662948622.6 642993283.5 518371646.8 588555776.5 483700043.5 449202524.4 296450479.6 334449889.7 192377016.5 142202970.3 73681128.85 15232586.7 0 0 0 0 0 0 0 0 0 0 0 0 
0 0 0 0 0 0 0 0 0 0 0 0 12956102.49 62473381.59 86145400.3 152248206.5 235335442.4 253822910.6 264452716.2 368872975.5 448551960.9 539831436.9 533436700.1 591444740.3 737047660.5 772825845.2 729653882.8 826792248.2 767531801 1050495779 959758314.9 1142080407 958073634.8 1162463404 1130304800 1282506631 1455957150 1386334735 1376575347 1560478518 1582686888 1736540910 1707512097 1781450874 2001089863 1848613760 1951162049 1796838799 1983529413 1901197628 1969810962 1869782812 1821859212 1941247021 1796614958 1757507688 1805144380 1725692884 1661191077 1730640463 1491042667 1559937481 1484819756 1368263410 1381438207 1316462582 1191330376 1100423199 1045445410 1075616431 1049685439 868164690.6 850948464 889225875.5 779132169.9 762031973.6 651532335.2 552756062.6 443586526.1 459882364 500439806.6 382700041.8 331681629.7 236566647.1 201102744.5 125208901.8 67332281.68 18572849.16 0 0 0 0 0 0 0 0 0 0 0 0 
0 0 0 0 0 0 0 0 0 0 0 0 1514594.372 47355114.44 74347962.44 101887336.6 204664326.7 180412972.5 260207280.5 283303204.2 374392861.7 421366383.1 443608128.8 488517370.2 570998510.5 634480640.2 695955143.3 702380417.1 906891684.6 829494966.2 848924683 987227847.5 986414425.6 1041708781 1172476375 1064912243 1281563851 1203376808 1390284069 1270167909 1436618201 1320509251 1380948900 1609419457 1513175033 1576983974 1772688450 1564631516 1660649890 1543003395 1681890784 1661196186 1560745120 1584247117 1727247036 1588220894 1543600794 1599428988 1621769565 1377202728 1282056203 1398309083 1365078639 1162629216 1193526997 1094714283 1013730539 1058081536 1050556696 906140346.8 807681457 873310740.7 790697477.2 718224668.2 606080595.4 658256641 594330246.2 487683261.8 421756378.9 355243051.6 393388907.7 267248007.6 302517825.7 264635789.4 197313608.5 112240961.6 58642561.06 12489970.92 0 0 0 0 0 0 0 0 0 0 0 0 
0 0 0 0 0 0 0 0 0 0 0 0 3412712.676 43016266.47 41773119.42 101572443.6 128899652.6 197386047.2 200536980.3 320919469.6 315728291.5 369300580.3 371621633.3 451099842.1 466126991.3 562917023.1 622207614.1 662140821.7 622603306.6 791141924.4 738902002.2 878821756.9 874759983 859033152 919584170.6 924665803 1033757091 1133236816 1223409143 1185029810 1201178914 1282911375 1368901661 1445602465 1371102024 1370606654 1368867167 1501296609 1452652383 1442029806 1627436308 1473105837 1418439339 1463215882 1557363072 1378597792 1544748452 1334615447 1298157724 1225432426 1328438900 1118773699 1162560334 1109109360 1030402607 1060348339 972901677.8 938994073.7 893363948.7 748110228.5 825417152 647559165.2 663733688.1 726540690.7 605423687.4 569756391.2 494761937.8 442004534.1 459881006.9 365472580.9 332880199.1 252853497 236797376 207069703 136111767.4 95647258.98 43286434.02 3366508.345 0 0 0 0 0 0 0 0 0 0 0 0 
0 0 0 0 0 0 0 0 0 0 0 0 6409164.779 22938604.82 40530745.23 75096089.68 106241521.5 189712285.2 257464689.4 224014311.9 258616370.3 319600150.8 357026363.8 399906821.3 434629451.2 372234370.2 459165083.7 575025752.4 558862496.3 659976447.5 625576145.3 723399430.6 708755696.9 788271198.2 755720553.8 835273267 881135347.5 905669279.3 897609102.8 1098281566 1083056772 1026302394 1196671010 1138220826 1268801658 1118885745 1168292382 1201042348 1242970507 1306555353 1201226992 1263021146 1228525992 1412583012 1206325022 1314820826 1015864505 960005899.3 1182362080 1145568901 990685883.3 950834912.9 912097484.9 939764459.6 871203671.7 821149597.7 772302448.3 794794069.8 870860381.3 734784779.7 700929253.1 547141649.9 543848314.8 499364006.1 470648069.8 400839350.7 371804781.1 332702848.2 342389447.4 295721033 245991508.2 261220965.4 192815341.8 180710660 141138900.3 82020040.43 20869101.47 1399265.47 0 0 0 0 0 0 0 0 0 0 0 0 
0 0 0 0 0 0 0 0 0 0 0 0 242910.9521 31744698.19 35208630.9 81723273.48 104454455.1 131146887.3 127715326.2 200234210.4 193342036.9 255334194.3 290524215 400920479.7 288674949.2 389747507.1 377994274.7 452726460 444430860.2 467036287.7 413518848.9 492403490 534162862.5 647021068 674270401.9 677683802.8 729077467.1 772737714.1 721602767.1 845917810.2 898525681.4 900450586.9 772110039.6 928123283.8 928867534.8 932153648.4 1021423527 1030992011 1029544488 967139726.2 1109121800 1009021259 1082962389 1036029645 1053592342 1105270384 1021891482 929062628.9 935729502.9 859424117.3 899618255.6 789226815 897532314.7 786126911.6 672150890.4 704698662.5 786532555.2 690692716.6 560684807.5 580140572.2 578993889.3 495146972.2 403225805.9 433807987.8 411989679.1 380774300.9 341284162.4 319843474.4 309803715.4 273831689.8 226289831.5 162716267 178744696.3 119200995.1 111752744.1 57227353.17 22117260.23 7499989.609 0 0 0 0 0 0 0 0 0 0 0 0 
0 0 0 0 0 0 0 0 0 0 0 0 6072194.102 14252342.71 40804145.88 44650767.51 48823981.1 83299303.54 99586668.39 132977139.1 135771493.8 234117040.4 196732928 203064843.1 261536748.4 299887667.7 344127341.5 322724456.7 273431854.2 420942300 396592692.7 425670268.8 535703228.2 513063789.4 458759256.7 545426578.4 585845551.6 629812184.5 709429728.3 634841920.6 624614320 630693282.8 670513766.7 785852944.6 681713179.8 828933713.5 836519704.6 837358805.3 927621137.5 820470236.6 819261503.7 821410128.4 764396581.8 806557330.8 713947741.1 892030674.8 738445474.6 706052095.8 640067701.4 816370559.2 567063746.2 596688573.7 672842826.2 572276372.3 566945345.1 538891727.3 559009663.1 529936111.3 476052648.3 509737606.7 414657044.4 407933079.3 399174289.6 312012687.7 270372993.2 304051903.3 275190021.2 272327389.6 210947481.1 207909406.1 133248770.7 179259400.1 103447550.8 92875205.2 73567968.33 53870855.84 17806714.89 1405101.879 0 0 0 0 0 0 0 0 0 0 0 0 
0 0 0 0 0 0 0 0 0 0 0 0 0 4141103.206 9011788.667 18778339.75 36141925.52 49004431.51 29988307.32 89470014.39 77982971.63 111982306.9 153240338 142246482.1 131182208.4 131756208.8 204627061.8 224991648.7 194512204.5 284568349.3 298136353.4 320948998.1 314309694.9 312965097.4 362780747.4 428520383.7 407044896.8 473971585 455776217.1 431995475.6 441709906 482714741.6 585679647.5 473390851.1 555409070 603484733.7 508640258.5 568194525.2 620324142.9 537498638.1 539191329.2 519954434.4 610064834.3 569053501.6 555643055.4 623260302.2 626459016.3 604670907.2 557406706.8 529979726 416340509.4 434726210.5 436064384.2 362866061.6 455909669.9 371520118.5 310135894.3 331241135.4 358090220.5 303412806.9 314983688.8 289009855.8 306104689.5 295076666.1 258890184.9 211147155.4 225431487.4 221505186.4 185953694.5 126351585.1 82740971.78 99055383.37 121495422.9 89495943.9 38628719.17 23994200.04 22187435.75 2715750.755 0 0 0 0 0 0 0 0 0 0 0 0 
# Errors [source_divergence_check/divsource.dat] I_err:
0 0 0 0 0 0 0 0 0 0 0 0 0 399155.477 2164107.395 10511423.17 13629272.86 13429968.34 14745446.19 19293758.88 18167639.57 26644989.6 21955855.71 19689189.56 27110145.89 28386268.13 33267099.83 36367085.08 38167053.3 32769388.86 31441171.15 38256602.68 35648638.31 41820155.96 35526151.13 44032956.57 40356897.52 47869584.86 42996765.44 44141420.35 43685211.87 43024819.23 44292581.74 47781164.33 46223522.13 44483838.82 54676362.74 48144518.97 54801192.26 52307109.03 51031974.38 46947494.88 58835887.96 52199391.67 46584553.87 52832995.44 44709283.42 52459895.02 43217694.94 51408193.96 52867066.16 45622020.29 46901892.37 47058727.61 45194610.3 41179794.4 42679903.81 39922407.02 41167421.04 37591747.73 38496463.7 43761038.56 31678356.26 36585094.02 40386563.09 34526785.82 29415066.84 32504848.02 24917191.4 26589675.26 26842121.21 20515202.93 18099429.39 20690875.28 16568279.02 13132167.87 10689891.11 2804567.704 0 0 0 0 0 0 0 0 0 0 0 0 
0 0 0 0 0 0 0 0 0 0 0 0 533171.077 3494617.708 11489589.54 7580634.255 20335139.52 22518015.12 17822637.81 27966989.61 30324221.92 33836205.42 25171883.75 32095514.84 34543926.24 32445549.35 33398522.28 38889946.29 36624328.73 43525187.12 42280886.88 41377084.8 44551902.56 44965174.39 46289294.22 48896943.56 50645455.14 53849309.26 58122418.77 53369279.94 54701920.02 47238116 53702426 54024043.25 56672257.87 61121954.97 60195123.52 60224352.9 61754026.09 56983566.55 60469005.77 57466693.81 59335736.9 61176202.58 57162783.79 62984969.05 62102946.04 55309878.36 57044911 58307031.1 58886545.29 50664401.36 58578236.59 53790203.61 55189071.99 53201172.72 48764746.1 53237521.42 45548456.81 50994810.63 46271557.85 39851014.57 33509847.56 42296192.52 35302782.59 33074910.28 31160898.45 34716050.9 35216169.57 32969171.03 24979362.66 22489850.29 19235059.78 22037283.15 23094360.01 11489165.58 15289367.6 1442990.061 0 0 0 0 0 0 0 0 0 0 0 0 
0 0 0 0 0 0 0 0 0 0 0 0 904222.0917 13080509.11 9727394.594 17683313.36 19856569.93 18095732.3 23485862.14 28486532.09 31020483.26 34017984.81 41332045.87 39495511.61 39859985.07 41543512.11 42485536.48 43455006.92 45834370.72 42902623.02 50187781.12 44299846.4 49994159.11 48211792.37 55381487.03 58030355.64 55833873.98 63201616.8 57187346.22 55465458.66 59143569.59 63682576.46 71810376.14 67137146.26 63478512.47 70618636.68 65842295.53 64155251.44 64765062.31 65556540.08 70458819.87 66773715.59 59230261.74 64939971.14 67527216.77 64891356.55 67847950.66 65638471.4 69682879.85 59920422.08 64334569.15 63965381.25 59388648.61 54884259.98 58209189.56 54387956.83 58167466.89 49790901.93 50492777.58 46172664.65 50918364.68 50308437.86 45685047.87 42842860.46 41079785.05 38121038.98 32725298.6 36792651.91 35613246.66 25961985.88 26201463.02 30355210.16 30642484.58 20445288.39 19211992.14 17989808.44 15215809.51 1743435.236 0 0 0 0 0 0 0 0 0 0 0 0 
0 0 0 0 0 0 0 0 0 0 0 0 457205.9287 9080648.387 13991781.48 20541377.48 21043122.42 27708614.08 28881127.72 35375278.49 32855916.34 36927612.16 41444418.57 36911387.4 43100708.09 45489272.55 44411281.15 50070204.71 53539450.17 52496381.31 51287996.79 60898463.11 59246551.71 53985092.45 61980327.98 63639919.67 63910357.05 66254044.21 67505121.43 72621676.53 70145725.28 68207560.62 72350045.81 74440198.13 68292650.99 78780750.95 73000187.39 75440569.62 77741898.27 76422867.15 71356632.79 72782432.23 77650667.59 67217389.55 68687532.04 72547960.29 71778846.93 73650963.55 76413005.63 65687231.79 64843604.41 64819563.64 67290544.86 62106904.75 63500285.68 60797339.93 65189799.53 58186136.77 57476592.1 60158496.99 58376054.17 54132260.14 55460399.3 48085514.73 46444611.31 46235599.52 43333189.51 41430385.48 44339820.64 37903386.21 36632151.6 30528000.33 29979147.09 23951509.92 25466818.61 13653812.15 7664217.358 8035045.899 0 0 0 0 0 0 0 0 0 0 0 0 
0 0 0 0 0 0 0 0 0 0 0 0 4361200.496 3772893.83 20540881.26 20299528.57 26477454.61 30403370.15 31713914.96 38556523.49 37421663.71 37916318.84 40084622.26 43904340.6 43464151.34 44994504.42 48285263.67 54250613.9 62558195.72 57408427.87 59475613.88 58477937.7 62942391.72 66395110.15 64198059.72 68764525.28 66416627.2 71277781.89 76783860.28 74360661.19 71374828.49 70355564.48 79032816.62 84523455.24 83581712.47 78914305.16 80241433.66 83140946.94 87195300.56 83992612.14 81636172.44 80761243.91 78382387.51 80185250.08 82685190.2 80999753.8 75704161.15 77879872.78 79248681.95 83857378.73 71333413.99 78233792.85 74272227.81 70224738.31 70664833.07 67665795.07 71179231.72 59937445.14 71150915.3 64120837.38 58116173.1 60654838.82 57821882.49 54155462.57 52807071.9 47120921.19 45307873.91 45577140.32 45502015.96 44175343.31 34282225.65 36503344.09 29959052.13 31483109.48 19534180.22 25320803.38 9710225.447 4520655.422 0 0 0 0 0 0 0 0 0 0 0 0 
0 0 0 0 0 0 0 0 0 0 0 0 5559178.011 13415712.01 21658604.87 27910051.95 27738173.89 33583054.82 38003820.02 33409063.61 44010399.58 44453419.52 47631193.34 45695771.32 50040349.35 49549375.01 61587652.98 58484706.33 61341209.63 63741321.95 68499320.95 65073760.03 68064784.53 70041588.63 67082689.62 75306427.47 72459315.86 77483155.62 81912444.63 80262680.64 80270957.3 86709909.91 81806906.46 85770055.97 81299468.5 83010298.24 84471495.32 90190813.54 86853486.73 88081626.26 83302994.12 82169213.33 90655043.98 85786445.8 85492493.92 87109461.84 86727127.48 80467802.58 80895143.16 82020984.83 82023051.64 78917917.64 76057764.44 72666389.95 69923167.69 75175651.97 75803043.01 70871296.42 63578936.43 64183965.61 62575030.66 64794521.21 56644542.95 56066557.52 61922511.48 52533585.66 53907383.09 50781600.54 49116675.66 44526886.75 39443677.86 44112268.63 32978539.69 35007840.99 24716554.68 19676471.91 17254603.64 8258700.379 0 0 0 0 0 0 0 0 0 0 0 0 
0 0 0 0 0 0 0 0 0 0 0 0 1984108.62 12754707.33 15120748.03 29237554.72 32826207.2 35363489.97 38947219.95 38404641.59 43248896.62 49124079.54 51012938.12 49007844.46 54871715.78 58911946.81 60080177.43 54580310.67 60222955 73122356.19 69223591.67 71838738.7 75395975.29 68909399.54 73763141.18 74072437.86 79619601.41 80348827.43 76343101.82 87031554.53 90117203.41 87987119.93 85293866.49 96628049.44 91713207.29 88688135.22 89748195.4 96035626.86 95564843.55 93542707.93 91324170.88 95997110.7 90787792.12 95380618.26 96074068.55 94056843.33 93583296.85 82199176.27 86188403.83 95489500.71 86715004.83 81321624.15 84665492.37 84441163.84 71327364.87 76569373.95 76012139.95 72318741.93 66768774.57 69259940.65 74203250.68 59196218.2 63517203.42 62486913.09 62797898.96 55839349.68 49844868.63 50258204.37 52264342.65 44435014.98 43395428.13 35390301.93 38677268.49 34099220.76 25193274.2 22876488.51 14663165.18 15226588.13 0 0 0 0 0 0 0 0 0 0 0 0 
0 0 0 0 0 0 0 0 0 0 0 0 6072816.637 17362121.4 20064111.85 34348853.25 28453017.46 36967393.77 35290226.38 37724582.69 43349313.55 49999363.83 47702043.91 60719048.48 55005029.07 60315397.2 61850036.68 67418723.6 62608157.38 70688822.75 70348670.98 78209062.78 73053220.39 74343769.9 80122564.32 83508247.01 84481440.53 88267616.33 85857808.72 89534668 87122564.79 87092367.17 93872689.57 93352319.27 96021284.81 92281532.36 101678541.5 97054584.15 97656407.6 96250825.92 98066145.55 95136004.3 101001192.5 98174859.95 94965078.66 95576142.67 97730630.01 94683133.97 91956940.77 85748085.03 83247577.11 87707273.64 86908489.64 84268569.71 84474663.21 81741963.8 79839105.73 75612919.78 75176234.08 67053045.99 79339199.51 70200223.88 64500680.24 64034144.15 62582167.64 60595842.89 61351360.82 56314012.35 54881318.94 46259511.28 45349841.54 44877804.2 46092865.63 35260702.18 28142952.1 25941850.83 13703015.4 9500053.736 0 0 0 0 0 0 0 0 0 0 0 0 
0 0 0 0 0 0 0 0 0 0 0 0 2283495.217 17798088.98 24122636.87 25756910.59 31289234.94 41835939.53 39874468.61 39945080.07 46734229.93 52250794.13 55763097.39 55069067.68 58469352.1 63859363.81 70184535.77 71774900.32 74420160.07 71623316.33 74134413.96 75388812.47 82775292.58 80785473.01 79555334.87 83641991.73 89480166.85 91030309.81 87482496.44 96416316.51 98634500.04 95437095.42 99755943.62 97014069.85 102077533.9 95931195.17 97236760.45 103836213.7 102511950.6 105669413.4 106839658.8 106719019.7 97606204.7 102308441.4 97769829.31 98919936.54 100372515.8 92376564.62 100564369.1 99557531.07 89512913.21 92221380.44 94450236.71 84920635.37 85812716.34 83141891.18 88368535.11 79926720.51 77463312.9 80265717.86 72820765.09 66365499.93 72944322.76 70467019.02 64594507.4 69096850.12 61143525.6 59106858.57 50388587.61 54110597.48 47937996.42 44520775.75 40547978.71 33181976.46 30901329.39 24901192.68 19906292.32 6672288.714 0 0 0 0 0 0 0 0 0 0 0 0 
0 0 0 0 0 0 0 0 0 0 0 0 7403549.865 13031613.75 22975717.44 26097705.96 29198245.46 37157445.34 44788290.88 50322976.24 56818427.63 52529201.88 54068794.13 61670255.54 59192238.54 63482435.15 71552784.56 71369901.16 80187130.44 76723752.85 80317222.98 80096405.35 77760025.86 83961759.62 90836483.63 94285213.42 91371870.27 95875261.46 94090274.64 99406090.76 97926280.8 94790316.12 106748147.2 103487480.3 105408874.8 107315569.4 107301014.8 110312820.2 107034402.8 105665920.2 106848238.2 106405406.6 107332465 116559183.2 104735848.1 113641698.6 101575184.3 103852702.4 102730700.9 107082053.7 98245554.02 88267438.5 89873638.07 84732269.31 89534310.29 90149320.26 87290960.67 84787345.69 75398470.52 76388809.38 77928878.53 73413205.79 73350095.2 68519453.34 66103522.03 63199882.43 67496836.09 64317934.75 58508033.32 50839927.82 51995020.4 53033314.58 41565035.28 39731853.52 29633542.34 26934214.3 20594984.01 8614244.58 0 0 0 0 0 0 0 0 0 0 0 0 
0 0 0 0 0 0 0 0 0 0 0 0 3968290.474 15052654.96 16676517.13 30245081.05 39245475.16 39525441.38 38671340.74 49875097.46 55732680.26 54196076.29 55271378.93 58913431.57 61001613.81 65424418.2 70721086.27 70193720.44 77724541.22 72731160.07 72410208.83 78518222.68 82732257.26 84470103.22 83115927.97 91431805.36 84003414.19 101219692.5 94660569.22 94896907.92 95503805.98 102418862.8 99055924.66 102521566.5 106175274 103019023.5 100056637.2 107113239.4 107177843.2 107814547.8 111948609.7 106855267.3 105330860.3 109106969.3 107174713.2 110788404.4 109568765.6 107391507.5 97286483.38 100734902.1 102735486.3 94376402.51 94107788.84 94014715.29 89926018.78 88754771.37 89069442.78 87142294.14 76548570.65 75057786.84 77890008.73 76238656.15 71083069.14 74552545.29 70130043.42 63967605.63 56773492.67 60858228.46 53603074.09 47613378.27 53653431.16 41903057.4 40688196.12 37666114.72 30573358.26 22894413.49 22661470.24 10991839.41 0 0 0 0 0 0 0 0 0 0 0 0 
0 0 0 0 0 0 0 0 0 0 0 0 10322459.33 13250297.98 20914979.13 31268448.58 31272631.91 36682938.18 45274079.33 45396263.78 53145066.48 50830797.93 56458657.52 57822336.08 60207780.8 64297859.15 63718357.18 67787773.77 67657647.64 77247216.51 72505080.05 80743978.31 82954707.01 80157436.03 80488587.18 83268565.54 81717257.39 89914949.95 89045613.39 91656323.4 96106312.99 99801333.96 96083571.85 98540387.45 101149440.9 99790232.21 104260111.3 103475055 101466191.8 99143557.65 100831224 99007474.29 102589759.2 105291735.5 102054941.6 106244776.2 97441460.55 97412863.12 96891983.7 97573266.94 92594467.66 93023554.49 87819416.41 89322463.44 80288711.43 86993976.95 81137746.3 76299286.01 82151105.02 76286088.18 78749153.38 76968084.98 67890180.84 71348049.82 64377968.22 63288235.17 55963378.8 59178822.48 53200422.8 53096365.23 45806915.76 51119827.21 41104137.24 30134054.85 31601375 25594096.47 18238360.8 6181460.39 0 0 0 0 0 0 0 0 0 0 0 0 
0 0 0 0 0 0 0 0 0 0 0 0 2216150.87 17327204.91 21085110.52 26384737.81 30955155.76 39175604.13 44040467.27 40029825.24 51483336.77 52205384.2 58141570.48 57000868.95 55733484.78 56018957.41 58194618.36 64147390.79 68573336.48 68456424.05 74824962.37 74818924.66 75575959.75 79287308.17 73725432.65 81770137.97 81159329.31 87019818.31 83340969.05 77578496.92 84558311.62 94708594.81 93192263.78 96278046.31 90359377.82 98234041.48 95691868.48 101161120.2 101365747.4 105022245.9 100947124.1 99120150.37 93845660.97 101480004.9 96420435.87 99245595.84 98266856.19 103716974.3 91505318.84 97611491.61 90273380.37 88739261.44 84762586.87 85779110.89 77516383.77 82718721.81 74831922.59 82989890.83 75376755.33 73642439.5 71337977.79 69668271.95 72715844.82 61685471.45 64578528.75 58500177.46 52987817.43 53186429.48 46871515.15 51861415.68 46459218.33 46868016.7 36228660.47 39436031.76 29611152.66 26325277.4 18453604.96 9067402.453 0 0 0 0 0 0 0 0 0 0 0 0 
0 0 0 0 0 0 0 0 0 0 0 0 8484273.681 18474452.39 20291527.72 26242669.7 33772871.25 34774964.82 33206957.5 40130564 45998190.31 49445912.47 48327703.6 52272524.59 59270232.04 59695359.84 57482990.31 60632144.31 58410702.64 71649646.59 66574582.96 72754410.8 64568627.87 72447963.02 72428258.84 75438861.68 81815371.29 81159880.39 78163898.19 82004936.04 83744953.11 88818903.29 87653362.46 90023261.03 96881236.72 91753614.42 96803067.75 89826436.43 97100030.86 92249489.01 94500904.23 92648882.86 90520644.95 95086213.84 89806134.55 88919894.5 91875632.4 88816412.14 87088073.59 88666512.19 81372523.56 85042873.98 80605621.87 78521393.44 81000577.14 77563269.98 73612364.04 71350290.62 68827093.18 69882652.28 69861476.58 62449382.59 63798085.27 64806119.45 59268336.4 57935167.77 53160848.35 49404475.3 43581612.18 45174783.42 50723746.89 42836195.32 38039995.19 33489102.33 30721161.79 24102224.82 18295531.81 8385901.897 0 0 0 0 0 0 0 0 0 0 0 0 
0 0 0 0 0 0 0 0 0 0 0 0 1135064.681 14185946.49 17608417.52 20837969.13 31081663 27082625.51 35742569.06 36423997.23 42116293.04 44541873.64 42746074.8 47617565.36 51126382.85 54511020.87 57063550.45 56613028.55 67069220.12 61243580.08 61383186.86 67811925.78 67192833.74 67028906.17 73369168.85 67865275.42 76169885.84 73653289.75 80368268.91 75477566.96 81412066.01 75924963.5 78262770.91 85582670.27 83418649.87 82974946.1 89799198.7 82509849.3 86887130.92 83571876.7 87837696.07 86106948.82 83504988.53 84643118.88 89479160.27 83069648.83 82049182.86 83781300.48 86933691.27 76950808.2 77737006.55 80329381.86 78299715.25 72744024.48 74334103.66 68385609 68190441.02 69638740.65 69535897.11 64137316.6 58630785.02 62688431.96 58874074.26 56467010.85 52558723.55 54596062.79 53864299.5 45694038.51 43000236.88 40577415.67 43592085.21 36672535.81 37611741.48 37321277.64 29546305.59 23543684.37 16513926.48 9306411.296 0 0 0 0 0 0 0 0 0 0 0 0 
0 0 0 0 0 0 0 0 0 0 0 0 3720122.812 13658745.79 12846494.77 20698982.55 22286948.96 29569655.13 30539851.35 40532641.22 39097242.08 39382824.35 41126523.13 43944697.51 46004061.29 51559961.37 52898755.85 56464110.97 51297321.94 60825644.07 58271815 65827489.06 61698857.38 61891788.7 62045683.36 65144743.4 68912534.22 73019288.93 75753796.87 73636773.97 73740078.34 74236112.86 78196864.6 80909293.92 77667153.61 77223870.42 75625736.12 84623336.46 80930644.33 80106031.29 87401912.39 84291180.62 78976044.01 80797443.24 84122319.41 81384436.02 83964592.45 77730594.51 75611459.32 74221062.39 77859855.88 70680366.79 72649252.45 69089318.96 69244686.15 70893899.77 66700361.23 65233383.99 63735448.31 57287451.24 62865980.42 52458118.35 54496452.27 59819244.48 53222192.67 49590365.01 48144618.47 43693469.78 46406228.19 42311463.32 39148737.9 32615427.65 28225738.61 31414299.56 26135981.45 21018653.83 14524421.61 3280870.21 0 0 0 0 0 0 0 0 0 0 0 0 
0 0 0 0 0 0 0 0 0 0 0 0 6604543.916 8977593.098 11922047.39 18144280.28 21882680.4 29329570.61 36514775.88 30896098.29 33736422.89 37420301.45 39351007 43635707.33 44217300.58 40589061.72 44614235.74 52770950.94 50228960.56 54414364.72 52843198.16 55904544.52 57479728.54 60491940.28 57552096.9 60236630.95 63392785.6 61785098.09 62135290.95 72800972.91 67895983.82 67672726.2 74798464.96 72730677.4 76793650.3 69344852.94 70610398.34 74504910.97 74785872.76 78860508.73 72445479.03 76145018.17 75320596.73 81976047.56 73769830.15 78572754.86 67037012.08 64577886.05 73417038.68 71357198.22 66415066.55 65240764.16 64336102.4 67194867.98 61055745.12 61333423.66 57352059.79 59573962.44 64768027.01 57892487.37 55919934.35 48333753.67 49040617.91 49157946.3 44678145.58 40282505.88 42539205.06 37145790.18 39627761.42 35773885.65 32657491.76 35083112.28 30081094.08 30070572.25 25442167.8 18211148.88 9054470.597 1200168.511 0 0 0 0 0 0 0 0 0 0 0 0 
0 0 0 0 0 0 0 0 0 0 0 0 242910.9521 13372777.78 12751363.79 19402837.48 21193348.25 23987030.6 24567972.35 28409774.92 28378976.16 35370434.06 37707964.9 45878735.03 36181200.23 41617075.98 39924856.09 44973311.6 42910259.79 44642424.64 42512274.17 46424899.37 46862873.29 54648163.55 53519800.65 54912708.52 58939420.52 59713202.12 55830559.12 61827772.62 65648384.62 64435110.8 56909079.01 65864013.62 65449250.88 64060902.33 68340120.53 68316773.83 68950035.57 63913517.03 70406592.75 66543945.23 72135971.75 66833531.16 70431312.14 73349302.89 67491415.24 66469560.64 64308221.44 61465564.6 65277099.1 58598188.31 65923692.33 60801729.21 55295523.85 56632335.96 61629284.5 57099587.1 49410775.97 51017681.79 51964454.99 46352451.83 43048966.58 43965574.67 43366611.56 41415863.26 38546046.72 36527485.23 39873726.39 34675634.33 32496868.81 26058500.21 28977453.75 21601300.35 22875339.86 16072522.04 8348453.61 8424660.849 0 0 0 0 0 0 0 0 0 0 0 0 
0 0 0 0 0 0 0 0 0 0 0 0 4264772.947 8910881.146 16289703.8 13598028.24 14095511.59 21898253.96 21043602.18 23965682.31 25620366.86 34299300.18 30296591.21 28908597.32 34085189.73 36871261.98 41234260.34 38434663.31 32392022.36 44596437.41 42074340.15 44966734.36 51638980.73 48036064.84 46084661.75 48080345.4 51257284.53 55040343.43 56583124.39 53718170.91 53223693.35 51970009.48 54348709.98 62111251.1 53945863.97 60816456.19 62785623.75 61935610.72 66633631.22 60972964.21 60282505.86 61222751.98 58449716.67 61950951.78 56898406.63 65552649.22 56234441.33 54879172.76 51296574.57 62761862.64 47886185.81 50517667.81 55724029.46 50525650.05 50701720.98 50366020.64 51096188.6 49511826.53 47126701.71 48351172.5 42883652.74 43205698.76 44310589.02 36963561.84 31519530.52 36101818.77 34012648.2 34548051.55 30182488.73 30488615.96 23941057.73 29262100.93 21150689.07 19050874.36 16927276.02 15764375.01 6207391.442 1267331.568 0 0 0 0 0 0 0 0 0 0 0 0 
0 0 0 0 0 0 0 0 0 0 0 0 0 3167466.845 6156615.795 9498090.746 11238834.48 15486278.12 9257543.022 21556632.34 20762077.42 22347408.28 26371206.01 24962461.34 23751721.88 21841444.6 29610983.65 33306039.2 29240694.98 35558477.97 38400020.84 39582455.12 37442427.72 35390810.52 42005067 44583164.16 44477394.59 46721306.84 45983859.11 42808424.88 45167679.12 44453494.18 49737675.19 43549304.48 50986595.8 51655848.3 48586106.4 51066353.96 53347522.17 49778921.67 47585468.62 47482057.29 53184656.32 50606910.19 48450590.21 55260875.87 53600774.96 54667882.73 50598141.19 50260350.16 40151396.74 45730947.2 45961138.26 38380686.79 47152454.27 41148672.17 35438681.63 37605324.31 40068997.08 35831881.47 38798516.98 36492187.33 36913718.07 34697565.38 35748922.13 31806685.87 32098380.68 29778208.66 30088724.09 24979437.04 18057076.26 20161611.44 23467143.39 23253986.04 12745382.49 6075892.22 8458552.46 2395871.689 0 0 0 0 0 0 0 0 0 0 0 0 
# Events [source_divergence_check/divsource.dat] N:
0 0 0 0 0 0 0 0 0 0 0 0 0 5 8 21 35 44 44 59 84 94 85 113 130 131 166 191 187 183 199 231 222 246 250 279 270 313 335 299 316 367 381 411 339 370 419 403 437 453 450 408 417 420 393 420 396 441 367 367 359 308 349 328 325 298 282 278 257 244 226 225 174 173 181 153 152 125 108 117 94 84 73 62 52 29 14 3 0 0 0 0 0 0 0 0 0 0 0 0 
0 0 0 0 0 0 0 0 0 0 0 0 2 10 18 23 37 56 64 88 116 146 140 172 197 189 183 223 250 293 303 302 339 361 357 368 401 415 485 450 445 447 517 530 551 549 575 590 573 547 589 592 602 565 550 573 565 526 478 507 503 458 490 444 447 408 384 358 339 335 305 313 243 235 211 204 192 179 154 145 121 101 81 67 62 40 27 2 0 0 0 0 0 0 0 0 0 0 0 0 
0 0 0 0 0 0 0 0 0 0 0 0 1 12 35 36 70 83 99 127 165 186 202 227 239 268 278 322 309 365 390 371 439 441 502 508 532 609 495 554 602 604 689 674 679 694 692 665 731 768 803 733 676 708 756 674 705 702 649 593 637 581 569 542 536 542 481 428 441 412 384 347 364 322 306 248 236 231 196 180 175 155 120 92 66 40 36 3 0 0 0 0 0 0 0 0 0 0 0 0 
0 0 0 0 0 0 0 0 0 0 0 0 2 22 35 58 87 121 119 180 214 212 258 235 276 355 356 376 420 430 457 515 522 566 612 575 597 625 703 730 755 760 793 883 789 890 828 869 893 920 873 873 898 885 862 832 885 863 808 780 769 719 689 628 626 619 600 553 530 515 445 451 395 390 377 348 282 288 263 249 214 150 154 119 89 41 24 4 0 0 0 0 0 0 0 0 0 0 0 0 
0 0 0 0 0 0 0 0 0 0 0 0 4 17 60 68 110 139 145 203 221 244 286 332 348 383 433 491 515 511 546 589 613 647 704 724 723 800 793 836 874 890 940 936 1018 1004 1010 1028 1029 1098 1032 1032 1059 994 1025 1019 952 975 945 957 846 880 807 781 817 689 684 670 653 606 537 532 528 487 469 376 346 298 299 280 229 191 162 141 82 78 30 9 0 0 0 0 0 0 0 0 0 0 0 0 
0 0 0 0 0 0 0 0 0 0 0 0 8 25 56 85 129 174 197 236 253 306 361 391 392 468 477 528 569 602 658 659 705 736 851 841 834 919 960 960 1005 1047 1108 1139 1133 1153 1121 1197 1171 1234 1162 1177 1202 1183 1116 1170 1190 1134 1080 1055 1031 936 934 904 860 775 840 733 724 649 615 624 561 483 505 468 401 395 353 282 263 233 196 165 104 86 40 10 0 0 0 0 0 0 0 0 0 0 0 0 
0 0 0 0 0 0 0 0 0 0 0 0 7 31 56 110 179 188 239 277 290 341 384 437 447 544 576 601 675 705 763 732 825 829 883 901 975 978 1054 1073 1150 1225 1131 1316 1291 1342 1332 1340 1414 1365 1364 1313 1319 1355 1333 1322 1258 1197 1208 1293 1165 1104 1048 1050 954 940 878 869 762 729 725 631 600 616 577 488 425 433 394 335 325 292 220 158 116 90 51 14 0 0 0 0 0 0 0 0 0 0 0 0 
0 0 0 0 0 0 0 0 0 0 0 0 10 45 80 145 164 233 258 297 362 395 450 498 538 565 577 655 684 812 825 873 870 955 1023 1046 1086 1141 1164 1176 1244 1283 1351 1437 1450 1370 1480 1491 1536 1572 1569 1508 1473 1501 1442 1392 1444 1377 1332 1335 1231 1236 1148 1137 1110 985 1001 892 897 843 776 741 705 654 618 563 509 470 398 364 359 275 255 178 147 101 51 9 0 0 0 0 0 0 0 0 0 0 0 0 
0 0 0 0 0 0 0 0 0 0 0 0 4 45 89 123 171 221 256 322 386 426 478 507 623 591 706 706 769 766 853 925 985 1023 1164 1188 1166 1250 1295 1368 1441 1481 1464 1563 1564 1590 1605 1613 1684 1676 1710 1705 1601 1643 1547 1582 1604 1539 1453 1466 1364 1358 1300 1233 1172 1126 1123 1076 977 945 879 795 773 753 703 656 593 564 471 409 362 306 296 204 174 116 52 10 0 0 0 0 0 0 0 0 0 0 0 0 
0 0 0 0 0 0 0 0 0 0 0 0 6 40 88 131 167 209 277 346 437 437 476 593 647 722 772 746 879 910 995 1044 1066 1168 1164 1195 1311 1385 1409 1441 1535 1570 1690 1618 1725 1734 1777 1857 1838 1785 1861 1818 1840 1828 1808 1813 1702 1659 1666 1617 1511 1436 1418 1324 1329 1281 1135 1146 1015 1054 972 894 882 785 711 692 615 615 500 458 400 363 280 218 188 124 72 4 0 0 0 0 0 0 0 0 0 0 0 0 
0 0 0 0 0 0 0 0 0 0 0 0 7 41 73 124 189 251 282 338 449 454 546 546 594 653 749 799 893 880 925 1025 1067 1143 1174 1288 1267 1389 1423 1454 1506 1580 1695 1725 1748 1784 1761 1802 1824 1915 1912 1796 1797 1818 1717 1798 1795 1674 1595 1536 1520 1527 1465 1336 1288 1221 1168 1162 1048 1010 960 926 857 801 739 701 617 547 495 451 436 319 267 212 185 108 71 10 0 0 0 0 0 0 0 0 0 0 0 0 
0 0 0 0 0 0 0 0 0 0 0 0 3 39 73 138 176 240 273 339 389 412 479 526 538 648 666 799 781 810 833 955 958 1074 1045 1198 1222 1271 1258 1345 1416 1510 1450 1479 1616 1599 1664 1689 1598 1618 1673 1697 1603 1630 1644 1563 1563 1574 1482 1458 1366 1390 1295 1268 1185 1142 1119 1023 1012 952 918 818 795 739 704 583 566 482 497 412 381 317 264 197 146 100 51 9 0 0 0 0 0 0 0 0 0 0 0 0 
0 0 0 0 0 0 0 0 0 0 0 0 2 33 76 104 163 205 269 284 348 391 473 493 487 562 618 669 710 743 829 889 919 941 934 1089 1103 1140 1177 1179 1256 1336 1380 1344 1448 1405 1482 1518 1544 1604 1475 1512 1480 1497 1484 1515 1399 1522 1355 1354 1230 1239 1098 1118 1113 1059 997 901 849 874 792 704 691 641 600 576 512 482 411 426 321 281 224 206 134 110 49 9 0 0 0 0 0 0 0 0 0 0 0 0 
0 0 0 0 0 0 0 0 0 0 0 0 6 32 62 93 153 178 204 268 293 372 416 386 470 544 524 616 611 690 673 790 759 796 838 944 1008 989 1013 1176 1156 1244 1218 1235 1374 1309 1296 1353 1363 1343 1393 1299 1311 1334 1280 1309 1249 1205 1211 1201 1095 1104 1099 991 915 921 845 838 770 765 744 638 601 604 556 527 504 415 363 346 308 256 224 165 142 96 37 9 0 0 0 0 0 0 0 0 0 0 0 0 
0 0 0 0 0 0 0 0 0 0 0 0 3 31 54 91 125 147 173 218 253 305 341 355 388 471 470 510 564 581 676 687 662 765 842 800 848 855 977 933 977 996 1019 1161 1109 1157 1185 1144 1203 1141 1219 1184 1212 1162 1165 1220 1167 1149 1104 1062 905 947 983 878 864 828 742 757 738 670 613 630 575 533 456 481 381 382 338 285 260 184 212 158 128 72 41 4 0 0 0 0 0 0 0 0 0 0 0 0 
0 0 0 0 0 0 0 0 0 0 0 0 3 25 39 73 103 148 143 196 196 290 267 333 347 375 429 423 497 555 525 598 634 615 719 671 707 774 816 845 831 956 950 1000 1025 1016 1040 999 1026 1025 1123 982 1048 1074 1085 953 1054 925 943 937 920 772 830 797 731 732 685 673 613 570 565 516 468 476 432 422 356 343 318 236 222 177 208 146 85 73 39 3 0 0 0 0 0 0 0 0 0 0 0 0 
0 0 0 0 0 0 0 0 0 0 0 0 3 17 32 68 83 115 155 159 196 243 270 268 330 302 355 379 393 470 447 559 500 553 572 604 637 662 640 711 799 763 779 800 869 832 893 860 866 878 864 910 893 915 869 879 789 770 818 829 736 700 674 649 652 586 561 544 567 508 509 409 392 380 359 311 269 295 234 225 195 186 135 112 97 65 23 3 0 0 0 0 0 0 0 0 0 0 0 0 
0 0 0 0 0 0 0 0 0 0 0 0 1 19 28 49 74 101 107 142 139 164 192 218 230 297 292 312 345 363 341 377 436 432 494 472 500 530 527 581 617 631 586 669 643 719 741 742 695 717 771 736 733 758 711 730 721 649 643 607 631 617 589 555 499 519 498 493 448 431 384 366 310 324 303 269 247 229 194 219 163 126 107 91 72 40 21 3 0 0 0 0 0 0 0 0 0 0 0 0 
0 0 0 0 0 0 0 0 0 0 0 0 4 8 16 31 36 48 71 105 102 143 140 160 211 205 200 233 246 284 281 305 342 343 344 371 417 405 443 465 453 495 472 527 548 588 598 553 618 598 585 582 594 571 556 567 579 539 529 558 467 481 474 446 418 376 389 361 323 342 305 279 250 265 242 206 205 190 161 138 110 120 92 63 67 34 19 3 0 0 0 0 0 0 0 0 0 0 0 0 
0 0 0 0 0 0 0 0 0 0 0 0 0 2 5 14 35 27 36 47 45 70 113 111 120 137 142 149 161 187 204 218 245 238 240 300 279 331 331 339 294 372 430 375 365 413 395 388 412 397 409 421 406 393 433 403 426 391 410 358 335 323 320 294 277 295 246 266 251 225 213 204 203 202 165 133 155 146 129 83 73 81 77 46 45 30 16 3 0 0 0 0 0 0 0 0 0 0 0 0 
