# Format: McCode with text headers
# URL: http://www.mccode.org
# Creator: 
# Instrument: BOA_beamline_monitors.instr
# Ncount: 2000000
# Trace: no
# Gravitation: no
# Seed: 1672827109412675
# Directory: Unmodified
# Param: flagin=0
# Param: trompete_exit_slit_width=0.04
# Param: trompete_exit_slit_height=0.04
# Date: Wed Jan  4 11:11:50 2023 (1672827110)
# type: array_2d(100, 20)
# Source: BOA_RNR51 (BOA_beamline_monitors.instr)
# component: divergence_behind_zapfen_unit
# position: 0 0 2.0486
# title: Divergence monitor
# Ncount: 2000000
# filename: divzapfen.dat
# statistics: X0=0.0326122; dX=1.05327; Y0=-0.00325037; dY=1.71061;
# signal: Min=0; Max=2.48803e+09; Mean=3.11294e+08;
# values: 6.22589e+11 1.67887e+09 444176
# xvar: X 
# yvar: Y 
# xlabel: X divergence [deg]
# ylabel: Y divergence [deg]
# zvar: I
# zlabel: Signal per bin
# xylimits: -5 5 -5 5
# variables: I I_err N
# Data [divergence_behind_zapfen_unit/divzapfen.dat] I:
0 0 0 0 0 0 0 0 0 0 0 0 0 0 0 0 0 0 0 0 0 0 0 0 0 0 0 0 0 0 0 0 0 0 0 0 0 0 0 0 0 0 0 0 0 0 0 0 0 0 0 0 0 0 0 0 0 0 0 0 0 0 0 0 0 0 0 0 0 0 0 0 0 0 0 0 0 0 0 0 0 0 0 0 0 0 0 0 0 0 0 0 0 0 0 0 0 0 0 0 
0 0 0 0 0 0 0 0 0 0 0 0 0 0 0 0 0 0 0 0 0 0 0 0 0 0 0 0 0 1783824.465 10188118.93 534117.7565 2101431.855 11310601.11 3701183.005 17054614.74 2326254.9 12335108.51 14073635.06 9106740.932 19419018.22 4986828.787 18362193.14 42461924.25 35778104.76 19886485.37 13527486.24 28495047.35 12406601.12 14106226.12 7182095.432 20707373.62 32209666.73 26968265.68 23332493.07 20658957 16455156.08 20145438.89 13656927.87 42308591.74 2390931.805 5135527.809 6729886.841 10981807.57 6913992.103 22051174.14 12656867.82 4729565.259 3649222.379 774585.9548 260850.6026 925894.5358 929856.0338 4357327.297 0 0 0 0 0 0 0 0 0 0 0 0 0 0 0 0 0 0 0 0 0 0 0 0 0 0 
0 0 0 0 0 0 0 0 0 0 0 0 0 0 0 0 0 0 0 0 0 0 0 0 0 0 103945.2864 8671658.437 14033581.6 31382310.31 50395000.3 47719015.42 85451135.41 49999758.82 99711068.8 116430273.9 106640083.1 131839173.4 127075319.2 153314704.3 119842680.3 184435762.4 225092297.2 266698410.1 196695769.7 244942565.9 200886544.6 240416909.3 211952249.2 299189248.9 322438231 278112394.8 191575286.3 244614520.3 287533553.8 251305325.1 291061601.4 235093547.4 249302179.9 150429927.3 209374441.1 215710323.8 197128676.2 121466808.4 127558113.1 96241684.76 143603567.8 107790380.5 117927583.1 90103866.58 35744356.58 66763435.68 44461314.13 22531299.41 19531196.96 0 0 0 0 0 0 0 0 0 0 0 0 0 0 0 0 0 0 0 0 0 0 0 0 0 
0 0 0 0 0 0 0 0 0 0 0 0 0 0 0 0 0 0 0 0 0 0 0 0 592279.7202 19954844.71 27598443.39 45739638.17 56301478.11 110043283.4 93895868.58 131325070.4 156690786.8 216843583.6 323118539.9 278060145.8 313865032.3 368632956.3 375671628.7 371652341.9 353796335.8 314955472.9 426480122.6 527093575.7 430565557 610810625.4 433080427.7 576843878.8 589528234.3 596898979.6 537479388 540291165.1 585834140 509623070.2 586226563.6 513611005.7 474828112.9 554870262 516319294.2 396748699 394553673.7 331729020 315129908.5 329128349.2 278301357.4 317897997.5 259061020.5 236535621.4 209034030.7 260826698.3 162016679.7 102509841.5 70590188.5 31782478.87 23974748.93 10650277.14 0 0 0 0 0 0 0 0 0 0 0 0 0 0 0 0 0 0 0 0 0 0 0 0 
0 0 0 0 0 0 0 0 0 0 0 0 0 0 0 0 0 0 0 0 0 0 0 0 3133052.702 24164098.71 84263403.75 100577089.7 166863482.3 176778281.6 236728821.3 293539588 278826036.3 306169948.3 389300923.7 391717635 451280445.4 502543701.8 567732924.8 593327488.3 620388892.1 559754012.4 719068849.7 827536226.8 821908583.4 838225808 886568390.6 892181771.9 872590770.5 999575031.5 853767302 907108580 856304086.8 860883982.3 935542704.6 906999390.2 727044230.5 718241301.3 762305783.1 730202358.2 616999592.4 760709016.2 631233530.9 529669749.8 469489857.2 391956323.9 423090903.5 355768601.9 298154281.3 264498780.2 192295686.8 185845696.7 156659148.8 67158791.86 40366240.57 11736841.61 0 0 0 0 0 0 0 0 0 0 0 0 0 0 0 0 0 0 0 0 0 0 0 0 
0 0 0 0 0 0 0 0 0 0 0 0 0 0 0 0 0 0 0 0 0 0 0 0 153306.6949 43575491.05 78859700.62 157540446 188268846.1 258839978.7 282222343.9 347586092 492352808.8 498844879.7 525119890.9 610520211.1 609845438.9 677206581.3 774836307.4 814738482.9 804912860 1018104020 915611822.3 1054356971 1036848060 1049957036 1085351918 1200407616 1132282737 1276329126 1141833281 1087671998 1231781672 1125209560 996111307.9 1182456791 1157853826 991199620.6 962710592.2 870268877.4 886902649.8 912565638.2 640683295.5 612502382.3 613638258.7 600349722.8 549020548.9 434283937 421950946.9 267054151.4 337797933.1 304255696.7 152939857.7 133529555.9 70215991.37 4701651.972 0 0 0 0 0 0 0 0 0 0 0 0 0 0 0 0 0 0 0 0 0 0 0 0 
0 0 0 0 0 0 0 0 0 0 0 0 0 0 0 0 0 0 0 0 0 0 0 0 9979191.865 49003389.15 133587648 181519169.5 216381689.2 474818812.1 437490220.6 445426462.4 586480793.6 526625066.1 661218713.8 699829426.7 849245679.6 802865760.2 856727847.8 1059140935 1213163297 1233139442 1126708843 1402502721 1363159902 1346398675 1374259589 1547370606 1545867447 1474376991 1466856879 1565327499 1418308825 1503658926 1480743456 1408274924 1352505719 1100716311 1061210869 1313701986 1154586276 960801806.9 934573568.5 892070752.5 607798544 727196628.2 599054929.9 596498721.2 406382226.3 393894037.8 389360265.2 246756722.6 180726990 160485093.7 81189530.3 24946664.18 0 0 0 0 0 0 0 0 0 0 0 0 0 0 0 0 0 0 0 0 0 0 0 0 
0 0 0 0 0 0 0 0 0 0 0 0 0 0 0 0 0 0 0 0 0 0 0 0 21826309.34 63701129.22 143606948.2 214528707.9 302771293 418231040.7 492845350.8 618582972.6 600704021 648416527.2 827797725.8 901970594.8 1047969689 1071478380 1111588944 1253283084 1218702795 1319923507 1453960165 1623193713 1647902051 1619587110 1867631158 1809892861 1801050177 1810845491 1899479430 1687646589 1819094601 1798222749 1589524486 1646846319 1638625409 1514120334 1432983763 1254995336 1262048367 1328393267 1098570169 1000360059 923019387.9 859972778.4 748681820.3 699394856.9 551695086.6 446984137 483215921.6 370321531.8 240308144.7 224604836 87888974.17 26997872.94 0 0 0 0 0 0 0 0 0 0 0 0 0 0 0 0 0 0 0 0 0 0 0 0 
0 0 0 0 0 0 0 0 0 0 0 0 0 0 0 0 0 0 0 0 0 0 0 0 16572154.47 100394406.3 205930129.4 291175167.6 379978751.3 416218381.9 505538145.5 655607189.6 821009727.7 842960465.2 967935256.5 1024326339 1173154881 1296662569 1206092992 1475031091 1733271817 1681175391 1750600834 1812732021 1958899197 1880711431 1855877228 2107068370 2048331779 2230511416 2225137375 2139777609 1871297149 1978399593 1764235444 1744940636 1829741235 1576829679 1685507383 1620686305 1400689010 1361506107 1388566145 1115495295 1045631326 1015470101 1045334548 806397570.2 687586560.3 603710873.9 516486595.8 362061419 342915490.5 230055134.8 127000528.9 40460805.49 0 0 0 0 0 0 0 0 0 0 0 0 0 0 0 0 0 0 0 0 0 0 0 0 
0 0 0 0 0 0 0 0 0 0 0 0 0 0 0 0 0 0 0 0 0 0 0 0 14510636.75 80692253.87 209479390.7 347393765.2 517568465.9 461099225.6 626922892.7 769727142.6 787569372.1 944230579.7 1154135130 1358798600 1353946196 1451559168 1542197750 1677025074 1722996911 1756625499 2119991492 2006859921 2211266815 2249774772 2243596424 2407602733 2302313662 2288495495 2338580545 2292115686 2275108819 2410578554 2045365636 2299632838 1901578596 1902558371 1912054944 1886542996 1659794732 1379152178 1396418541 1189273533 1286256299 1235672047 980025732.7 891831668.4 744658821.2 666384352.4 642074051.2 496262967 325725727 201877303.1 103478133.3 25388690.92 0 0 0 0 0 0 0 0 0 0 0 0 0 0 0 0 0 0 0 0 0 0 0 0 
0 0 0 0 0 0 0 0 0 0 0 0 0 0 0 0 0 0 0 0 0 0 0 0 21673313.24 113265864.4 222310764.6 266766178.3 449717190.5 473749108.2 575909010.4 675659452.1 845919899.7 1058874392 991405878.6 1291557919 1153452800 1599584822 1523531063 1602219713 1739188709 1854530879 1947116875 2042430388 2188915427 2192153284 2183953954 2269728122 2327586462 2455944379 2488032267 2271691469 2255563188 2340992957 2172474746 2281069552 2181438044 2033266320 1693792505 1725844657 1765270896 1545975254 1546981450 1433201445 1253451790 1095629430 1021147643 952264882.5 694292218.4 597791915.7 560671958.6 419478257.9 333522509.4 322322488.8 171543085.7 17117932.8 0 0 0 0 0 0 0 0 0 0 0 0 0 0 0 0 0 0 0 0 0 0 0 0 
0 0 0 0 0 0 0 0 0 0 0 0 0 0 0 0 0 0 0 0 0 0 0 0 4691264.254 123767919.5 194499333.4 265926553.4 331154706.1 459605207.8 485471260.8 663903813.9 742660924.2 850708260.6 819871714.8 1040180793 1076862021 1243539411 1364857655 1485603537 1541260916 1734802479 1663838316 1816587584 1951672925 1935667673 2117065282 2093625175 1933560662 1968200450 2054565596 2053058438 1966623504 2042797810 1928503055 1946793720 1747494764 1765626020 1648444650 1580373353 1430535565 1442255537 1244924733 1276693213 1006178977 1080496598 909113526.1 739796965.7 826990923.7 590940990.6 613070585.1 424239875.2 316096605.5 288617972.7 111476632.1 45051721.67 0 0 0 0 0 0 0 0 0 0 0 0 0 0 0 0 0 0 0 0 0 0 0 0 
0 0 0 0 0 0 0 0 0 0 0 0 0 0 0 0 0 0 0 0 0 0 0 0 16169626.73 64255079.9 123201598.1 230309468.8 334811142.9 463559379.8 466343500.2 616198748.8 624488237.8 721303575.6 738876488.7 842503299.7 965244314.7 1098008407 1067301495 1021393793 1176909313 1465716884 1555701622 1552543006 1588306816 1756232508 1727712484 1927621366 1928961810 2047052473 1915134830 1799246708 1673550724 1857811020 1717589947 1708729998 1593954114 1801483140 1453527667 1583689218 1203085252 1256729309 1045392900 994179902.2 1006179216 891744108.2 749015579.8 784836674.3 642977439.9 487689304 420286817.3 318132096.3 296200765.8 163645705.1 108705865.6 28396688.02 0 0 0 0 0 0 0 0 0 0 0 0 0 0 0 0 0 0 0 0 0 0 0 0 
0 0 0 0 0 0 0 0 0 0 0 0 0 0 0 0 0 0 0 0 0 0 0 0 11967049.15 47177873.89 96512423.67 168919691.6 198602474 322265989.7 337810782.9 515373732.7 431204387.2 600116980.8 617496438.6 703892569.9 791842646 771752740.5 860746531.4 1010604202 1092587570 1156780926 1183915889 1282381617 1559316101 1441502922 1543676321 1315176685 1635771710 1505915067 1598713832 1447452817 1494829389 1537946451 1392982614 1370168596 1362174489 1165755096 1147917892 1191220750 1045459059 968409245.8 953934761.1 806505079.9 811696127.9 763761614.5 624502778 613711160.6 459871580.6 476655399.5 369172779.9 239539426.7 165073532 151200631 94781846.5 11252670.75 0 0 0 0 0 0 0 0 0 0 0 0 0 0 0 0 0 0 0 0 0 0 0 0 
0 0 0 0 0 0 0 0 0 0 0 0 0 0 0 0 0 0 0 0 0 0 0 0 6213947.175 31328410.47 95475574.04 146344706.8 225507216.8 241465416.7 285706694.9 377192677 444132545.4 481259413.1 576968817.7 592374672 709056484.1 606773591.8 814791100.3 711029223.3 840053241.9 859478986 835001934.9 1075679519 1017598345 1043452133 1233304054 1144462064 1156334377 1103641225 1214439786 1229855740 1101908090 1100617506 1230419094 1067002967 989885961.2 1058237442 976516980.2 840036258.2 787261251.4 769586801.1 801649664.6 638694877.5 649653428.7 606788274.1 470392518.2 507768108.7 363691957.1 338561699.6 220576206.2 304691918.2 195404802.9 91859388.62 73064250.5 8845822.512 0 0 0 0 0 0 0 0 0 0 0 0 0 0 0 0 0 0 0 0 0 0 0 0 
0 0 0 0 0 0 0 0 0 0 0 0 0 0 0 0 0 0 0 0 0 0 0 0 1337632.846 22925857.36 53705140.27 83387204.03 69613973 138819755.3 204822626.4 265823538.6 267639735.3 290165052.1 390679072.5 390537725.8 425689331 518652351 550517763.4 660339830.4 590009710.9 676596980.8 746365561.7 758291157.9 822370438.9 834562158.5 742962238.1 860887270.5 848332498.1 849219265.4 973021757.6 859088415.7 858367236.7 811375843.4 991679242.2 766836518.2 889321662.1 772623644.4 665595237 656280651.8 688717985.3 574501321.4 520348460.3 466339809.7 397843843.9 456606260.2 362456959.2 328188563.8 305968476.8 245398977.6 255211909.1 170691170.9 118835781.2 110983818.2 56800363.1 9052683.659 0 0 0 0 0 0 0 0 0 0 0 0 0 0 0 0 0 0 0 0 0 0 0 0 
0 0 0 0 0 0 0 0 0 0 0 0 0 0 0 0 0 0 0 0 0 0 0 0 1447802.376 11698174.2 15935828.85 53142042.75 63643015.63 122550954.2 135962275.1 114047571.1 128912762.8 231965179.6 205468860.3 254431680.3 280036497.1 341331417.9 345750591.4 435625895.1 360981608.7 440668217.2 483428705.1 478900136.3 511638248.5 483565884.4 529264384.9 544248210.8 583655214.9 656035856.8 555599644.2 613197433.3 553860696.8 612972723.2 566149336.5 559686711.3 392082703.1 421816445.9 507504901.1 438691816.7 374947977.5 377186644.6 335014084.3 350248748.8 285864341.2 238605822.3 238889340 184918333.7 261917688.9 167777024 146514505.6 110948320.8 70733506.18 47190286.4 19999952.42 4373351.107 0 0 0 0 0 0 0 0 0 0 0 0 0 0 0 0 0 0 0 0 0 0 0 0 
0 0 0 0 0 0 0 0 0 0 0 0 0 0 0 0 0 0 0 0 0 0 0 0 0 0 501713.4506 7656993.707 21766383.08 22319091.31 34604067.98 37244223.29 61261307.42 100616131.6 80330294.77 95367854.94 127137201.8 183133864.1 139287612.2 143742462.5 225248322.2 170859913 180617921.8 198959990.2 200814684.7 184792338 251523816.5 253802289.3 264072679.5 226161380.8 354538833.8 301337025.8 246166751.6 261990833 269697997.1 273773948.2 231572479 226599044.3 225572504.3 197268413.2 149426471.9 149983157.4 193455438.1 130672578.1 126475323.1 166551999.1 169019955.3 102350752.2 64901401.19 109448826.4 69316358.25 35686990.67 56398082.83 24046289.92 5009966.678 1566964.68 0 0 0 0 0 0 0 0 0 0 0 0 0 0 0 0 0 0 0 0 0 0 0 0 
0 0 0 0 0 0 0 0 0 0 0 0 0 0 0 0 0 0 0 0 0 0 0 0 0 0 0 0 0 1804668.759 192877.7163 218153.7927 9258150.629 14725030.17 1144272.13 2166526.093 12715079.82 8593912.651 4114499.335 6146057.097 19260460.25 5397776.213 2971531.165 32506582.46 14282714.65 3704936.206 27446695.95 30222699.57 13735860.72 38815150.08 14322140.9 21999565.29 28213620.35 35089843.06 32009299.96 27305870.76 27377647.63 17365411.57 25922128.92 41710525.44 20538357.52 17969254.36 10564291.75 7940047.826 2070270.402 813215.1495 1678020.516 5366504.326 1308693.277 14870118.98 1052457.06 14637031.88 7144978.024 2187048.095 95797.10355 210151.1423 0 0 0 0 0 0 0 0 0 0 0 0 0 0 0 0 0 0 0 0 0 0 0 0 
0 0 0 0 0 0 0 0 0 0 0 0 0 0 0 0 0 0 0 0 0 0 0 0 0 0 0 0 0 0 0 0 0 0 0 0 0 0 0 0 0 0 0 0 0 0 0 0 0 0 0 0 0 0 0 0 0 0 0 0 0 0 0 0 0 0 0 0 0 0 0 0 0 0 0 0 0 0 0 0 0 0 0 0 0 0 0 0 0 0 0 0 0 0 0 0 0 0 0 0 
# Errors [divergence_behind_zapfen_unit/divzapfen.dat] I_err:
0 0 0 0 0 0 0 0 0 0 0 0 0 0 0 0 0 0 0 0 0 0 0 0 0 0 0 0 0 0 0 0 0 0 0 0 0 0 0 0 0 0 0 0 0 0 0 0 0 0 0 0 0 0 0 0 0 0 0 0 0 0 0 0 0 0 0 0 0 0 0 0 0 0 0 0 0 0 0 0 0 0 0 0 0 0 0 0 0 0 0 0 0 0 0 0 0 0 0 0 
0 0 0 0 0 0 0 0 0 0 0 0 0 0 0 0 0 0 0 0 0 0 0 0 0 0 0 0 0 1305467.296 9214882.409 534117.7565 1391624.471 6438414.101 2996746.918 9454869.753 1832658.429 9300647.565 10054949.02 8496428.067 11828872.36 3020051.473 9080526.834 17431174.1 14576536.56 9300160.724 5129222.755 12084496.05 5183378.85 6417019.949 3172731.132 9567102.534 13051200.44 11549502.8 10783556.75 10861167.05 8927162.128 9253609.963 7180415.131 16840262.01 1084832.987 3240911.679 3461008.669 7940782.551 4814950.663 12107549.29 8628923.876 3971069.484 4090617.499 657267.4337 260850.6026 737253.2582 627613.9923 4232372.608 0 0 0 0 0 0 0 0 0 0 0 0 0 0 0 0 0 0 0 0 0 0 0 0 0 0 
0 0 0 0 0 0 0 0 0 0 0 0 0 0 0 0 0 0 0 0 0 0 0 0 0 0 103945.2864 6521268.679 6596403.26 13114230.93 15767619.24 15837798.74 18556060.41 13615142.56 22188182.72 23493674.49 22737639.66 26515677.41 22825857.4 26615942.7 19268058.18 27683009.36 33499068.9 37025190.53 30691987.2 33455184.72 27557669.41 33628851.39 29080425.62 36551686.53 38806928.22 35746612.43 28243451.36 35033790.22 37733833.97 33487612.16 36295964.88 33543495.94 35124775.45 23972425.46 30309849.85 33551018.92 31692912.66 22200543.23 23070671.61 19694911.34 25281730.04 23415879.27 23273869.55 20826772.18 11423637.36 19561764.26 13691418.47 8134929.258 9062525.363 0 0 0 0 0 0 0 0 0 0 0 0 0 0 0 0 0 0 0 0 0 0 0 0 0 
0 0 0 0 0 0 0 0 0 0 0 0 0 0 0 0 0 0 0 0 0 0 0 0 493877.6975 12252382.57 11296721.77 14050150.92 16052195.02 24250216.23 18267316.74 23812067.24 26769279.24 30836592.74 40462815.73 36910781.79 40134184.6 43169994.22 41382990.31 42313763.4 38973733.84 36235148.25 45276422.86 49126592.26 43587239.63 52637024.54 40760163.19 50194182.81 53052812.52 50517260.14 50038039.89 47734842.69 50064758.99 45249592.41 50117273.23 47598176.25 44987405.24 51336412.94 48914004.92 41069724.2 42102430.8 37092230.95 35208962.73 38994732.06 35310746.05 39242575.97 34671033.29 32233984.82 30952984.28 35259742.81 26071823.55 21787476.12 18290894.15 9112811.964 9725418.313 8554513.152 0 0 0 0 0 0 0 0 0 0 0 0 0 0 0 0 0 0 0 0 0 0 0 0 
0 0 0 0 0 0 0 0 0 0 0 0 0 0 0 0 0 0 0 0 0 0 0 0 2498272.206 8371462.453 21301074.6 20378873.55 29296411.93 29569599.84 33031300.25 37413180.46 35181671.89 37240899.28 41919592.54 41507744.73 45401698.5 47928323.74 51182453.07 53352238.92 53622616.93 47980122.84 57235402.67 63674950.91 61056924.75 60280993.22 64009615.59 64421377.34 64287136.94 67294425.34 62906212.35 64693249.82 61575053.54 61728792.98 67237244.96 64992135.7 57202389.4 56449581.12 59025000.45 58652082.47 51886192.38 59824258.63 53637533.54 48445733.43 45038751.51 39745221.27 45460688.04 38386100.42 36771117.4 34535415.87 30038867.95 27953886.09 26278908.63 17531504.39 13861112.13 7060297.008 0 0 0 0 0 0 0 0 0 0 0 0 0 0 0 0 0 0 0 0 0 0 0 0 
0 0 0 0 0 0 0 0 0 0 0 0 0 0 0 0 0 0 0 0 0 0 0 0 153306.6949 13094090.4 20119322.34 27514215.05 30939752.22 33338492.42 33294275.06 39504521.8 46689841 49064890.17 47440981.49 52282223.1 53158453.69 55705631.58 58787265.36 61540470.43 60654638.62 70804074.39 63203153.5 68814950.6 67135235.49 68419958.94 70560307.36 73765370.44 72180696.35 75965991.97 70131120.26 68772227.22 75064867.3 71796480.19 66554847.93 72557514.65 72876432.06 65308590.45 65108260.25 63296343.08 63149520.69 67075017.73 51939075.87 50906311 51820806.77 55094315.53 50473027.48 44912676.47 44405948.97 32678204.35 39399356.71 37749049.73 25862034.55 25416776.05 18674274.49 2328535.419 0 0 0 0 0 0 0 0 0 0 0 0 0 0 0 0 0 0 0 0 0 0 0 0 
0 0 0 0 0 0 0 0 0 0 0 0 0 0 0 0 0 0 0 0 0 0 0 0 7499951.56 16417751.84 24893696.54 27871965.15 29539199 49683156.84 46378617.1 45756073.01 52802417.05 47050805.07 55309372.12 55093416.76 63444526.43 60254141.78 59560127.08 70739290.89 76751303.3 74529766.35 71698032.29 81103718.44 80553286.33 77355552.05 76899460.59 85086627.76 83171788.98 82230627.15 82086115.04 86265667.03 80227382.42 83863901.85 82781753.16 80578347.11 79209813.59 68729483.09 67362910.95 79266768.22 72503875.9 64671581.86 67119957.81 64028286.95 48921931.83 58297854.2 50616900.44 52353817.41 42161275.35 41375977.49 43445216.08 33113804.34 28614430.41 26917599.41 18466073.55 10742981.61 0 0 0 0 0 0 0 0 0 0 0 0 0 0 0 0 0 0 0 0 0 0 0 0 
0 0 0 0 0 0 0 0 0 0 0 0 0 0 0 0 0 0 0 0 0 0 0 0 11466693.08 16133308.8 26211187.47 30744424.3 36875109.52 44183121.2 47463696.46 54903390.31 52153080.11 51815581.41 60097873.49 65757234.88 68158450.01 70897902.56 70913242.83 75523400.77 73347467.62 76922378.46 82503022.6 84687383.49 86509262.44 85120764.98 94725400.67 90489423.42 89334333.71 88019698.43 92627292.93 86660652.81 92464366.57 89297580.75 84986622.24 87554484.67 87223325.59 82891398.26 80650733.1 74348877.65 75216960.26 78878415.29 72341323.17 67148847.52 63496786.52 61652937.56 56720659.2 57915328.89 49362412.5 44390838.9 47534862.76 41096436.94 31349688.6 30874901.6 20519129.65 12657975.89 0 0 0 0 0 0 0 0 0 0 0 0 0 0 0 0 0 0 0 0 0 0 0 0 
0 0 0 0 0 0 0 0 0 0 0 0 0 0 0 0 0 0 0 0 0 0 0 0 7714617.049 22960191.51 32030821.57 36189323.65 40794530.66 42849814.4 49640698 52474348.99 60546137.43 62575135.75 65302868.89 67431009.79 73735462.89 77038631.08 72925944.34 81076954.72 90120456.74 86532990.6 90767153.53 88127674.98 94336017.14 90281123.16 90362017.25 100004240.1 95798407.33 101620126.2 101562056.2 99800324.81 91014343.83 94941258.71 90990698.11 89314397.86 91491383.06 81976222.86 88146666.91 85377933.57 78271281.81 78443104.4 81845126.79 68530605.63 69501734.8 67241053.13 70307076.84 58900411.97 55544369.83 51235511.54 48004999.51 39397475.32 39428973.17 33267463.22 22532127.3 13446085.76 0 0 0 0 0 0 0 0 0 0 0 0 0 0 0 0 0 0 0 0 0 0 0 0 
0 0 0 0 0 0 0 0 0 0 0 0 0 0 0 0 0 0 0 0 0 0 0 0 5934103.489 18377796.02 30038401.44 42328025.08 50663946.83 45160779.64 52638603.65 58851172.03 58310300.25 64925216.15 74787838.53 81324711.17 78088485.78 80715945.74 83993584.06 88867298.38 88362566.17 87159480.85 98787416.4 96390683.18 100113703.3 101635038.4 100543486.3 104969866 101661564.8 100878007.5 102234296.6 100669168.2 100685681.3 107906219.6 95688146.11 103688679.3 90998350.85 92237621.45 92254820.29 93250776.04 85277046.5 76863680.16 78245194.16 71360439.02 75533390.56 74286095.99 67530047.97 63181694.89 57235861.81 52810347.88 53875966.71 48704731.08 38411795.03 29005513.66 18875110.12 10232756.49 0 0 0 0 0 0 0 0 0 0 0 0 0 0 0 0 0 0 0 0 0 0 0 0 
0 0 0 0 0 0 0 0 0 0 0 0 0 0 0 0 0 0 0 0 0 0 0 0 9281627.102 24181953.2 31203538.14 34473213.23 47284735.36 45494951.59 49198686.88 52686897.95 63933044.12 70394184.89 65152736.92 75855832.58 68598298.12 86388103.92 82836396.33 84703048.74 89228322.54 92900905.04 92173803.14 95512980.81 100096813.5 97234323.15 97312505.35 101132926.4 103074874.3 104521327.7 106799973.5 102791110.7 101205651.9 103205053.2 99836526.84 103132772.1 101324506.1 97221088.43 85682554.37 87858626.34 92170982.72 81376314.78 82069061.79 82558457.96 75420332.53 70444125.57 67277539.94 65594314.64 55676266.88 49103914.87 49449477.1 42359902.31 37855764.79 40417018.42 26990379.64 7928426.611 0 0 0 0 0 0 0 0 0 0 0 0 0 0 0 0 0 0 0 0 0 0 0 0 
0 0 0 0 0 0 0 0 0 0 0 0 0 0 0 0 0 0 0 0 0 0 0 0 2937251.218 24922232.49 29547941 34782517.23 38111908.49 46766475.27 46406827.58 54815285.32 59166168.91 61201028.3 60632294.32 66861263.97 68356769.05 73692353.55 78575323.65 80986069.57 84884178.44 88706416.28 86850270.57 92495557.04 94555297.42 93886606.51 97915485.87 98172305.52 93318775.68 94368106.66 96332538.76 94688070.08 95451516.46 97796875.61 92354516.38 95832903.64 88416378.85 89663533.84 85247432.68 83868372.67 79957133.52 79900184.26 74032239.38 75634696.15 66881614.41 70625497.23 64412289.12 54964762.32 63526225.99 52025855.49 54400209.39 45771668.31 37386414.45 38028578.74 19912115.05 16715604.82 0 0 0 0 0 0 0 0 0 0 0 0 0 0 0 0 0 0 0 0 0 0 0 0 
0 0 0 0 0 0 0 0 0 0 0 0 0 0 0 0 0 0 0 0 0 0 0 0 8673408.888 17393291.03 22151289.79 31947370.41 40781116.32 47917339.71 48171474.08 53312473.88 52239402.59 59696630.33 57622852.82 60020695.57 63462168.01 71944565.72 68050536.1 65658981.58 69962794.82 82822658.85 83910682.76 85245529.87 83656997.79 89933368.57 88784965.3 95308907.77 95116023.13 98049595.21 94321127.7 90573045.13 84182170.69 92218035.48 88102901.27 87801269.45 87046092.8 92239340.45 81134331.58 85516141.93 74585007.42 76140025.41 69465199.67 66047662.12 66295384.38 64417412.46 55248178.83 62889145.15 53995795.39 47231531.89 43969893.04 37275638.58 37434487.47 25989416.12 22211835.02 12854413.33 0 0 0 0 0 0 0 0 0 0 0 0 0 0 0 0 0 0 0 0 0 0 0 0 
0 0 0 0 0 0 0 0 0 0 0 0 0 0 0 0 0 0 0 0 0 0 0 0 7834327.905 12013641.29 19719426.96 26487847.15 28990204.86 38183500.33 38453736.02 49997359.1 43011670.19 53313978.75 54135651.79 54957410.19 59360794.56 59774640.45 60646572.97 65908849.59 69784016.72 71951126.87 72743230.02 76445548.81 86179995.09 81355840.67 86497788.93 75342923.11 88508089.06 81234528.18 85079739.51 81561815.41 82702386.11 85017591.17 79597336.75 79286338.19 79794105.03 72290010.94 71790975.66 72670062.65 68711167.66 67035323.66 65705434.19 61550669.85 62066073.55 60147252.65 53768865.21 54132013.04 44332273.93 47548499.06 41287828.2 30382413.99 25987294.76 26240849.6 22192761.8 4752257.901 0 0 0 0 0 0 0 0 0 0 0 0 0 0 0 0 0 0 0 0 0 0 0 0 
0 0 0 0 0 0 0 0 0 0 0 0 0 0 0 0 0 0 0 0 0 0 0 0 4972024.075 10669906.34 22632559.06 27811316.08 33747092.69 34578692.74 35302387.36 41569651.06 47123568.03 46096072.9 52254672.83 51995061.85 57386187.34 50346353.31 61768278.94 54830134.76 62053390.04 62092193.05 60162163.48 69656992.31 67720914.2 67766962.75 74625504.42 71561020.66 71938642.61 71614364.73 74597691.82 73864101.1 69575814.4 70601090.67 75846790.15 68450134.74 65069552.29 67850057.13 67487153.81 58846219.68 61757137.13 58111303.1 61054950.68 53701967.49 54308291.68 51743221.07 46639249.18 48895774.01 38274346.79 37974283.85 28087975.02 37615435.34 29068993.58 18970620.21 19677588.09 7040052.075 0 0 0 0 0 0 0 0 0 0 0 0 0 0 0 0 0 0 0 0 0 0 0 0 
0 0 0 0 0 0 0 0 0 0 0 0 0 0 0 0 0 0 0 0 0 0 0 0 1167594.209 8359732.387 15535572.39 19645406.98 12855284.55 23775620.91 30305837.56 36570811.04 31844640.46 35449396.31 41645834.02 43178877.88 43824477.65 50092272.63 50817515.57 55782242.32 51458516.78 54247929.26 56912605.89 57522896.04 61291274.87 61041326.49 54903854.05 63254733.52 61177504.27 60770292.37 66749582.57 63194958.49 62116338.58 59782463.05 68130385.94 60055305.86 63699627.05 60543729.01 53817496.57 54098737.27 55594294.16 51154131.6 47742993.71 43938851.99 40628050.66 46114849.45 40225304.18 37382147.31 38316987.4 31176952.63 35434823.55 27432467.27 23405480.05 22412829.3 15337522.55 3213159.326 0 0 0 0 0 0 0 0 0 0 0 0 0 0 0 0 0 0 0 0 0 0 0 0 
0 0 0 0 0 0 0 0 0 0 0 0 0 0 0 0 0 0 0 0 0 0 0 0 855927.0112 9542497.54 8274475.378 17429863.36 18618154.14 23177463.41 25609085.4 20311388.43 22425706.17 33519291.09 28158382.24 33570758.15 36446784.75 39396344.18 39805336.88 46735239.12 39732539.98 46595482.5 47331895.67 46388526.53 47031262.01 46581477.83 48479090.59 49357243.92 52091276.32 57567354.87 49693783.89 52800791.87 50840143.59 54077963.4 48779737.21 51360671.67 40208014.45 41940380.01 48231745.67 43337749.01 42095515.74 41612791.09 38869078.09 42291166.13 34940272.45 34345850.89 32956133.57 28951059.33 36527117.46 26802281.05 24448468.86 22951061.57 18214063.59 14938186.35 8724025.228 3084654.593 0 0 0 0 0 0 0 0 0 0 0 0 0 0 0 0 0 0 0 0 0 0 0 0 
0 0 0 0 0 0 0 0 0 0 0 0 0 0 0 0 0 0 0 0 0 0 0 0 0 0 501713.4506 5677808.185 10412426.13 10371435.29 11272144.75 13401876.69 13195532.25 21580671.61 17874326.8 20707546.26 25508109.31 31924658.09 24265763.49 26369383.47 34380469.23 26830628.11 27575868.86 30592096.69 30947865.23 26229299.68 34028137.41 33158026.09 35853843.14 30282288.19 39168745.84 36095573.57 33029796.27 31823950.4 35277308.02 37215707.21 31835626.91 30998787.82 32054240.76 29199820.01 24230761.05 24692708.11 30289157.71 24223340.17 25520139.11 28240532.25 30947941.16 22989325.05 15028702.77 24319800.2 18399547.88 9118432.166 19010432.55 9589037.715 2690198.368 892555.6857 0 0 0 0 0 0 0 0 0 0 0 0 0 0 0 0 0 0 0 0 0 0 0 0 
0 0 0 0 0 0 0 0 0 0 0 0 0 0 0 0 0 0 0 0 0 0 0 0 0 0 0 0 0 1594881.261 145982.3703 218153.7927 9175958.985 8592524.738 596868.1986 1719979.199 9084556.025 5711980.002 2712309.057 2671166.354 11655148.12 2989076.854 1226917.192 14931464.7 7929977.473 1813521.226 12404922.3 10007614.22 6714676.103 15144229.77 8355765.284 10647905.66 12402891.63 14606939.12 10634868.52 12521482.62 11268834.66 6303223.242 9965196.105 16491918.18 8500155.105 10553577.39 5119084.111 4797902.094 1423494.485 320217.6451 722774.5909 4143482.161 984362.4238 9278028.584 488219.5425 9903142.634 6496467.081 1327788.125 95797.10355 210151.1423 0 0 0 0 0 0 0 0 0 0 0 0 0 0 0 0 0 0 0 0 0 0 0 0 
0 0 0 0 0 0 0 0 0 0 0 0 0 0 0 0 0 0 0 0 0 0 0 0 0 0 0 0 0 0 0 0 0 0 0 0 0 0 0 0 0 0 0 0 0 0 0 0 0 0 0 0 0 0 0 0 0 0 0 0 0 0 0 0 0 0 0 0 0 0 0 0 0 0 0 0 0 0 0 0 0 0 0 0 0 0 0 0 0 0 0 0 0 0 0 0 0 0 0 0 
# Events [divergence_behind_zapfen_unit/divzapfen.dat] N:
0 0 0 0 0 0 0 0 0 0 0 0 0 0 0 0 0 0 0 0 0 0 0 0 0 0 0 0 0 0 0 0 0 0 0 0 0 0 0 0 0 0 0 0 0 0 0 0 0 0 0 0 0 0 0 0 0 0 0 0 0 0 0 0 0 0 0 0 0 0 0 0 0 0 0 0 0 0 0 0 0 0 0 0 0 0 0 0 0 0 0 0 0 0 0 0 0 0 0 0 
0 0 0 0 0 0 0 0 0 0 0 0 0 0 0 0 0 0 0 0 0 0 0 0 0 0 0 0 0 2 2 1 6 6 2 9 3 5 7 4 7 5 12 15 19 11 12 15 13 12 13 20 12 18 14 18 12 13 12 21 6 8 9 5 7 10 10 7 2 2 1 2 4 2 0 0 0 0 0 0 0 0 0 0 0 0 0 0 0 0 0 0 0 0 0 0 0 0 0 0 
0 0 0 0 0 0 0 0 0 0 0 0 0 0 0 0 0 0 0 0 0 0 0 0 0 0 1 5 11 23 36 34 61 55 75 89 71 97 99 96 121 134 135 174 144 178 166 163 178 210 216 193 163 188 191 160 181 150 141 134 143 123 129 107 102 92 93 62 72 61 42 38 32 24 16 0 0 0 0 0 0 0 0 0 0 0 0 0 0 0 0 0 0 0 0 0 0 0 0 0 
0 0 0 0 0 0 0 0 0 0 0 0 0 0 0 0 0 0 0 0 0 0 0 0 3 5 21 38 43 64 103 105 130 161 184 175 203 210 255 252 281 291 288 373 345 389 386 415 409 433 393 429 420 422 428 362 373 374 346 312 315 260 233 215 213 188 176 173 151 152 108 80 55 43 19 6 0 0 0 0 0 0 0 0 0 0 0 0 0 0 0 0 0 0 0 0 0 0 0 0 
0 0 0 0 0 0 0 0 0 0 0 0 0 0 0 0 0 0 0 0 0 0 0 0 2 22 47 74 92 120 157 196 197 253 281 298 337 367 378 415 444 463 519 522 570 588 612 624 599 692 645 601 653 604 619 616 551 554 518 491 429 472 411 360 349 282 276 269 220 184 134 132 112 60 35 8 0 0 0 0 0 0 0 0 0 0 0 0 0 0 0 0 0 0 0 0 0 0 0 0 
0 0 0 0 0 0 0 0 0 0 0 0 0 0 0 0 0 0 0 0 0 0 0 0 1 41 51 98 124 191 198 239 314 324 390 410 423 496 527 579 585 655 711 735 779 778 790 831 846 913 848 814 855 829 756 796 817 748 706 623 604 569 501 501 438 383 393 318 299 218 213 177 112 96 49 9 0 0 0 0 0 0 0 0 0 0 0 0 0 0 0 0 0 0 0 0 0 0 0 0 
0 0 0 0 0 0 0 0 0 0 0 0 0 0 0 0 0 0 0 0 0 0 0 0 3 40 90 117 169 261 307 315 392 408 462 530 584 597 677 714 802 856 809 966 940 1031 1043 1048 1114 1079 1067 1028 1014 1039 1002 995 941 859 825 887 795 696 627 619 555 526 454 429 330 304 277 193 148 122 67 14 0 0 0 0 0 0 0 0 0 0 0 0 0 0 0 0 0 0 0 0 0 0 0 0 
0 0 0 0 0 0 0 0 0 0 0 0 0 0 0 0 0 0 0 0 0 0 0 0 12 52 104 175 216 308 353 396 425 525 618 637 704 750 805 828 913 970 1040 1165 1186 1154 1261 1305 1337 1348 1333 1254 1237 1257 1154 1128 1146 1067 1010 987 906 894 761 738 699 591 542 473 423 342 292 263 198 161 71 18 0 0 0 0 0 0 0 0 0 0 0 0 0 0 0 0 0 0 0 0 0 0 0 0 
0 0 0 0 0 0 0 0 0 0 0 0 0 0 0 0 0 0 0 0 0 0 0 0 15 59 139 202 265 291 355 483 553 591 734 760 804 912 922 1044 1158 1198 1197 1312 1369 1430 1387 1442 1506 1517 1534 1501 1388 1401 1299 1312 1299 1213 1173 1149 1024 1016 925 847 799 706 687 598 499 444 358 292 239 166 100 21 0 0 0 0 0 0 0 0 0 0 0 0 0 0 0 0 0 0 0 0 0 0 0 0 
0 0 0 0 0 0 0 0 0 0 0 0 0 0 0 0 0 0 0 0 0 0 0 0 13 75 156 206 323 348 454 538 595 705 747 845 948 1025 1115 1165 1239 1312 1470 1378 1544 1570 1602 1695 1671 1652 1721 1615 1631 1576 1541 1541 1416 1344 1348 1280 1208 1074 1041 936 942 863 689 671 539 524 454 347 255 170 90 18 0 0 0 0 0 0 0 0 0 0 0 0 0 0 0 0 0 0 0 0 0 0 0 0 
0 0 0 0 0 0 0 0 0 0 0 0 0 0 0 0 0 0 0 0 0 0 0 0 18 66 147 203 288 356 455 506 599 693 781 883 933 1062 1092 1157 1252 1298 1457 1526 1552 1622 1599 1647 1687 1764 1754 1620 1620 1621 1486 1530 1485 1364 1318 1228 1178 1155 1087 975 863 827 729 674 552 485 424 317 259 203 107 20 0 0 0 0 0 0 0 0 0 0 0 0 0 0 0 0 0 0 0 0 0 0 0 0 
0 0 0 0 0 0 0 0 0 0 0 0 0 0 0 0 0 0 0 0 0 0 0 0 5 68 124 187 259 313 378 474 499 622 628 817 803 887 971 1056 1090 1225 1182 1262 1412 1389 1465 1508 1423 1467 1513 1503 1386 1404 1388 1277 1258 1258 1169 1147 1046 1020 938 888 801 728 655 580 545 449 389 293 216 169 101 17 0 0 0 0 0 0 0 0 0 0 0 0 0 0 0 0 0 0 0 0 0 0 0 0 
0 0 0 0 0 0 0 0 0 0 0 0 0 0 0 0 0 0 0 0 0 0 0 0 14 49 104 167 222 270 325 399 471 492 542 656 723 748 830 839 910 995 1095 1052 1178 1159 1240 1276 1321 1374 1274 1269 1252 1230 1222 1214 1100 1185 1033 1012 886 873 725 704 729 632 575 476 446 366 303 235 190 122 77 19 0 0 0 0 0 0 0 0 0 0 0 0 0 0 0 0 0 0 0 0 0 0 0 0 
0 0 0 0 0 0 0 0 0 0 0 0 0 0 0 0 0 0 0 0 0 0 0 0 8 51 80 124 149 247 245 336 350 395 438 534 589 575 660 768 809 852 854 888 1039 1012 1005 1030 1091 1078 1115 1020 1031 1055 968 1001 944 844 850 825 729 696 691 570 545 516 440 419 361 320 262 210 144 107 69 13 0 0 0 0 0 0 0 0 0 0 0 0 0 0 0 0 0 0 0 0 0 0 0 0 
0 0 0 0 0 0 0 0 0 0 0 0 0 0 0 0 0 0 0 0 0 0 0 0 3 23 49 87 132 153 212 269 266 339 409 413 459 475 565 531 589 612 626 765 754 800 814 817 867 814 887 875 886 811 828 808 774 769 663 666 541 549 546 476 475 403 345 349 288 257 198 200 140 93 47 10 0 0 0 0 0 0 0 0 0 0 0 0 0 0 0 0 0 0 0 0 0 0 0 0 
0 0 0 0 0 0 0 0 0 0 0 0 0 0 0 0 0 0 0 0 0 0 0 0 2 23 40 58 98 122 144 179 203 223 292 270 305 350 370 442 428 498 528 557 593 583 610 592 636 624 704 603 646 620 645 539 625 530 504 497 487 404 413 353 322 312 253 243 196 205 155 136 70 76 39 9 0 0 0 0 0 0 0 0 0 0 0 0 0 0 0 0 0 0 0 0 0 0 0 0 
0 0 0 0 0 0 0 0 0 0 0 0 0 0 0 0 0 0 0 0 0 0 0 0 3 4 10 23 40 77 88 104 120 158 168 183 200 237 223 270 283 301 315 337 373 365 391 406 403 411 411 426 411 399 419 392 342 336 329 328 295 257 238 235 223 171 156 139 165 122 112 71 50 38 23 4 0 0 0 0 0 0 0 0 0 0 0 0 0 0 0 0 0 0 0 0 0 0 0 0 
0 0 0 0 0 0 0 0 0 0 0 0 0 0 0 0 0 0 0 0 0 0 0 0 0 0 1 5 13 17 26 29 56 62 65 68 82 88 99 109 141 132 124 136 134 166 185 175 175 180 230 210 195 203 188 178 174 180 150 136 127 119 136 110 88 105 87 72 60 63 44 38 31 21 6 4 0 0 0 0 0 0 0 0 0 0 0 0 0 0 0 0 0 0 0 0 0 0 0 0 
0 0 0 0 0 0 0 0 0 0 0 0 0 0 0 0 0 0 0 0 0 0 0 0 0 0 0 0 0 2 2 1 3 8 4 3 7 8 6 9 9 6 9 11 11 11 13 20 16 19 14 10 16 17 27 12 16 17 18 12 14 11 11 10 4 7 7 5 3 3 5 5 3 3 1 1 0 0 0 0 0 0 0 0 0 0 0 0 0 0 0 0 0 0 0 0 0 0 0 0 
0 0 0 0 0 0 0 0 0 0 0 0 0 0 0 0 0 0 0 0 0 0 0 0 0 0 0 0 0 0 0 0 0 0 0 0 0 0 0 0 0 0 0 0 0 0 0 0 0 0 0 0 0 0 0 0 0 0 0 0 0 0 0 0 0 0 0 0 0 0 0 0 0 0 0 0 0 0 0 0 0 0 0 0 0 0 0 0 0 0 0 0 0 0 0 0 0 0 0 0 
