# Format: McCode with text headers
# URL: http://www.mccode.org
# Creator: 
# Instrument: BOA_beamline_monitors_Synthetic.instr
# Ncount: 25000000
# Trace: no
# Gravitation: no
# Seed: 1672844862956178
# Directory: BOA_Source_gen/0
# Nodes: 8
# Param: BASEdir=BOA_1-9AA_1e8/0/
# Param: Lmin=1
# Param: Lmax=9
# Param: trompete_exit_slit_width=0.04
# Param: trompete_exit_slit_height=0.04
# Date: Wed Jan  4 16:08:05 2023 (1672844885)
# type: array_1d(1001)
# Source: BOA_RNR51 (BOA_beamline_monitors_Synthetic.instr)
# component: Brill
# position: 0 0 8.62863
# title: Mean brilliance
# Ncount: 200000000
# filename: Mean_Brilliance.dat
# statistics: X0=4.39931; dX=1.79545;
# signal: Min=9.41261e+09; Max=2.475e+11; Mean=1.2639e+11;
# values: 1.26516e+14 1.43275e+10 9.99997e+07
# xvar: Mean
# yvar: (I,I_err)
# xlabel: Wavelength [AA]
# ylabel: Mean Brilliance
# xlimits: 1 9
# variables: Mean I I_err N
1.003996004 9412607227 41937294.47 50379 
1.011988012 1.83720354e+10 57917984.93 100641 
1.01998002 1.919341184e+10 60851820.35 99518 
1.027972028 1.815500127e+10 57395205.73 100173 
1.035964036 2.168827097e+10 68946686.86 99255 
1.043956044 2.457194739e+10 77918544.02 99489 
1.051948052 2.253779832e+10 71315125.02 99947 
1.05994006 2.138217396e+10 67672816.19 99877 
1.067932068 2.061591251e+10 65352095.4 99872 
1.075924076 2.676787528e+10 84698628.06 100102 
1.083916084 2.739013313e+10 86854684.13 99662 
1.091908092 3.304529949e+10 104560991.5 100009 
1.0999001 2.922171969e+10 92317280.32 100306 
1.107892108 2.925361513e+10 92437008.43 100211 
1.115884116 2.57822615e+10 81594956.04 99914 
1.123876124 2.774471765e+10 87914399.5 99846 
1.131868132 3.386307509e+10 107121021.7 100141 
1.13986014 3.663338847e+10 116034647.4 99704 
1.147852148 3.296331988e+10 104607466.9 99406 
1.155844156 3.076346179e+10 97152828.85 100282 
1.163836164 3.15151756e+10 100100012.1 99297 
1.171828172 3.878643939e+10 122693834.8 100265 
1.17982018 4.523748444e+10 142976680.7 100168 
1.187812188 4.549982139e+10 143704240.6 100251 
1.195804196 4.556054857e+10 144224454.4 99825 
1.203796204 4.122114545e+10 130344149.2 100097 
1.211788212 3.976319842e+10 125553222.9 100358 
1.21978022 4.44265437e+10 140595759.7 99909 
1.227772228 4.407939766e+10 139577364.6 99829 
1.235764236 3.87466974e+10 122578140.4 100003 
1.243756244 4.284707476e+10 135714589.4 99742 
1.251748252 4.430429994e+10 139710705.7 100578 
1.25974026 4.503531932e+10 142787735.8 99620 
1.267732268 3.740738791e+10 118878521 99215 
1.275724276 4.614714571e+10 145886203.8 100621 
1.283716284 5.559270051e+10 175765455.6 100142 
1.291708292 4.768391886e+10 150958940.7 100080 
1.2997003 4.279716475e+10 135264137.3 100208 
1.307692308 5.020871591e+10 158936372.2 99969 
1.315684316 5.425993238e+10 172022122 99517 
1.323676324 5.458691524e+10 172665429 100183 
1.331668332 4.421088161e+10 139799464.4 100413 
1.33966034 5.633015827e+10 177772925 100635 
1.347652348 5.196546725e+10 164550118.5 99793 
1.355644356 5.51932174e+10 174390130.1 100224 
1.363636364 4.939943062e+10 156579582.5 99612 
1.371628372 5.51464528e+10 174523601.8 99923 
1.37962038 5.89666919e+10 186306877.3 100347 
1.387612388 6.918136258e+10 218696310.3 100147 
1.395604396 6.660973901e+10 210584911.3 100069 
1.403596404 6.509050101e+10 205927247.1 99958 
1.411588412 5.890078361e+10 186965837.5 99293 
1.41958042 6.389552559e+10 202368000.4 99722 
1.427572428 6.281369162e+10 198229881.6 100421 
1.435564436 6.217144942e+10 196852818.8 99813 
1.443556444 7.049975737e+10 222761994.1 100229 
1.451548452 7.234413019e+10 228582449.3 100167 
1.45954046 7.220577445e+10 227654695 100609 
1.467532468 7.611799682e+10 240360223.1 100310 
1.475524476 7.91604772e+10 250336441.3 100025 
1.483516484 8.287500989e+10 261917322.3 100197 
1.491508492 7.275309365e+10 229712371.4 100414 
1.4995005 8.181850752e+10 258857574.8 100014 
1.507492507 8.38216877e+10 265936174.7 99392 
1.515484515 7.3920668e+10 234050454.7 99947 
1.523476523 6.452024289e+10 204747858.9 99355 
1.531468531 6.554956432e+10 207277226 100036 
1.539460539 7.083138387e+10 224412387 99705 
1.547452547 7.8106764e+10 246998508.7 100028 
1.555444555 7.978049994e+10 252246465.5 100041 
1.563436563 8.29491162e+10 263170638.7 99364 
1.571428571 8.719935894e+10 276800050.5 99289 
1.579420579 9.386982123e+10 297617266 99498 
1.587412587 8.886443947e+10 281406565.7 99759 
1.595404595 8.638565127e+10 273141923.1 100046 
1.603396603 9.122194333e+10 288274305.7 100183 
1.611388611 8.104890564e+10 256242264.2 100124 
1.619380619 8.095417745e+10 256031824.2 99980 
1.627372627 8.394572751e+10 265482389.3 100036 
1.635364635 9.052405084e+10 286691501.5 99734 
1.643356643 8.225938423e+10 260418702.4 99879 
1.651348651 7.986417531e+10 252224926.9 100471 
1.659340659 9.580838571e+10 302697607.1 100308 
1.667332667 8.43980837e+10 266760800.4 100223 
1.675324675 8.53441389e+10 269284826.8 100502 
1.683316683 9.266979593e+10 293802734.4 99514 
1.691308691 9.267076272e+10 292559791.5 100338 
1.699300699 9.373572837e+10 296219885.1 100161 
1.707292707 1.002213418e+11 317732593.5 99520 
1.715284715 1.022939274e+11 323484093.3 100004 
1.723276723 9.787581521e+10 309129525.8 100278 
1.731268731 9.219269172e+10 292209571.2 99550 
1.739260739 9.587692799e+10 303554084.6 99786 
1.747252747 1.022416217e+11 322752539.5 100376 
1.755244755 1.056080828e+11 333246389.1 100454 
1.763236763 9.591591564e+10 303688702.9 99816 
1.771228771 9.296280593e+10 293574504.9 100287 
1.779220779 9.699698885e+10 306664961.2 100075 
1.787212787 8.891358574e+10 281632933.3 99709 
1.795204795 9.559409139e+10 302325778.4 100051 
1.803196803 1.035936536e+11 327582176.8 100040 
1.811188811 1.075329555e+11 339388263.1 100401 
1.819180819 1.02116087e+11 323430234.5 99702 
1.827172827 1.084415902e+11 342886100.5 100037 
1.835164835 1.075958223e+11 339754342.2 100293 
1.843156843 1.070713316e+11 338980986.2 99772 
1.851148851 1.080000448e+11 342692215.5 99338 
1.859140859 1.021086291e+11 323054400.5 99920 
1.867132867 1.069409702e+11 338302298 99951 
1.875124875 1.121878458e+11 354670422.9 100083 
1.883116883 1.181980085e+11 375178173.4 99268 
1.891108891 1.188341199e+11 376571743.6 99604 
1.899100899 1.119540402e+11 354058615.7 100000 
1.907092907 1.159841222e+11 366980448.4 99908 
1.915084915 1.210305407e+11 382711583.2 100020 
1.923076923 1.229599384e+11 388297544.6 100291 
1.931068931 1.140262915e+11 360451198.9 100134 
1.939060939 1.07395079e+11 339741890.6 99945 
1.947052947 1.160787363e+11 367646052 99755 
1.955044955 1.228056581e+11 388889697.1 99735 
1.963036963 1.156942443e+11 366555301.1 99639 
1.971028971 1.15581248e+11 365498716.4 100006 
1.979020979 1.114408647e+11 352268621.3 100085 
1.987012987 1.131177472e+11 357684071 100049 
1.995004995 1.208185541e+11 380703043.8 100761 
2.002997003 1.082122235e+11 342012367.3 100164 
2.010989011 1.157637591e+11 366368405.8 99937 
2.018981019 1.261335717e+11 398985432 99961 
2.026973027 1.246574942e+11 393709137.2 100330 
2.034965035 1.401232592e+11 443838172.8 99729 
2.042957043 1.325614115e+11 418891044.2 100174 
2.050949051 1.38571989e+11 436392247.8 100845 
2.058941059 1.324406423e+11 417840461.6 100477 
2.066933067 1.324887551e+11 420090770.5 99497 
2.074925075 1.211797051e+11 382556032.7 100395 
2.082917083 1.207185705e+11 380401225.9 100731 
2.090909091 1.283205513e+11 406332232.1 99758 
2.098901099 1.323373619e+11 418180646.5 100148 
2.106893107 1.31506729e+11 415968866.1 99957 
2.114885115 1.270274316e+11 402146359.2 99792 
2.122877123 1.355357309e+11 428786993.1 99935 
2.130869131 1.36480778e+11 432634059.1 99518 
2.138861139 1.391466799e+11 440209658.8 99943 
2.146853147 1.486705604e+11 469086977.5 100474 
2.154845155 1.384433157e+11 437594874.2 100121 
2.162837163 1.444215486e+11 458071307.1 99419 
2.170829171 1.393892807e+11 439897226.3 100421 
2.178821179 1.38286103e+11 436844068.9 100209 
2.186813187 1.37474743e+11 436028229.1 99415 
2.194805195 1.324367325e+11 418193377.6 100302 
2.202797203 1.327176613e+11 419251677 100225 
2.210789211 1.40082513e+11 442588631.3 100188 
2.218781219 1.399286331e+11 441921146.1 100260 
2.226773227 1.381910234e+11 436850446.3 100070 
2.234765235 1.360380413e+11 430655870.1 99788 
2.242757243 1.426520765e+11 450205414.8 100424 
2.250749251 1.495616484e+11 472762029.9 100093 
2.258741259 1.531207087e+11 482931032.1 100532 
2.266733267 1.539882069e+11 486445061.3 100210 
2.274725275 1.520437792e+11 480597374.5 100088 
2.282717283 1.556126354e+11 489925478.5 100889 
2.290709291 1.497194877e+11 473353862.6 100049 
2.298701299 1.476933759e+11 467129009.3 99966 
2.306693307 1.478004611e+11 466863471.3 100235 
2.314685315 1.546922411e+11 490751884.5 99379 
2.322677323 1.597876197e+11 505702100.5 99841 
2.330669331 1.611072458e+11 508830316.9 100260 
2.338661339 1.532782519e+11 484759036.5 99988 
2.346653347 1.559795619e+11 493406882 99941 
2.354645355 1.581635567e+11 500475573.4 99875 
2.362637363 1.602933907e+11 506459909.8 100177 
2.370629371 1.532964331e+11 484448828.9 100145 
2.378621379 1.504713802e+11 476072322.5 99902 
2.386613387 1.563061652e+11 492892960 100575 
2.394605395 1.590950398e+11 502583409.8 100210 
2.402597403 1.532072642e+11 485388949.4 99636 
2.410589411 1.515166427e+11 479178095.2 99985 
2.418581419 1.543549106e+11 487661999.9 100189 
2.426573427 1.50977669e+11 475876859.6 100660 
2.434565435 1.539426981e+11 486745381.8 100030 
2.442557443 1.547743274e+11 490376473.3 99651 
2.450549451 1.685433866e+11 532720258.5 100121 
2.458541459 1.655924764e+11 524001188.1 99871 
2.466533467 1.649339797e+11 521223840.4 100137 
2.474525475 1.686558006e+11 533682032.6 99884 
2.482517483 1.584051599e+11 501953084.3 99607 
2.490509491 1.616908114e+11 510742588.9 100237 
2.498501499 1.690253357e+11 534460694.2 100028 
2.506493506 1.722359242e+11 544403894.1 100094 
2.514485514 1.714985062e+11 543477392.7 99596 
2.522477522 1.817060887e+11 575644194 99655 
2.53046953 1.724651671e+11 545791224.7 99876 
2.538461538 1.688094294e+11 534184308.9 99866 
2.546453546 1.737280608e+11 548853345.1 100202 
2.554445554 1.781554886e+11 563003401.3 100145 
2.562437562 1.683705117e+11 533426926 99642 
2.57042957 1.744999136e+11 551519434.1 100117 
2.578421578 1.68515898e+11 533211748.7 99891 
2.586413586 1.75356226e+11 555625074 99614 
2.594405594 1.759299096e+11 557098355.3 99731 
2.602397602 1.813322712e+11 572819775.2 100214 
2.61038961 1.768401312e+11 560154646.2 99668 
2.618381618 1.795284222e+11 567157463.9 100199 
2.626373626 1.828188016e+11 575687606.7 100861 
2.634365634 1.908897669e+11 605172386.2 99522 
2.642357642 1.97479702e+11 625099466.9 99815 
2.65034965 1.872178108e+11 591645793 100149 
2.658341658 1.851174296e+11 584926113.2 100168 
2.666333666 1.780249397e+11 562079974.7 100322 
2.674325674 1.832261255e+11 578555436.9 100307 
2.682317682 1.880162743e+11 594064866.7 100170 
2.69030969 1.899540228e+11 600998201.4 99897 
2.698301698 1.889275407e+11 599661236.4 99261 
2.706293706 1.898240739e+11 600274439 100001 
2.714285714 1.906572317e+11 603798424.5 99739 
2.722277722 2.053589511e+11 648284852.6 100374 
2.73026973 1.886024142e+11 595405531.9 100397 
2.738261738 1.844319174e+11 583021114.1 100097 
2.746253746 1.986822232e+11 627470066.4 100280 
2.754245754 1.943637375e+11 615148052.6 99841 
2.762237762 2.032629747e+11 643398918.8 99817 
2.77022977 2.029812627e+11 642670723.8 99763 
2.778221778 1.97921842e+11 624190799.7 100551 
2.786213786 2.052947439e+11 648620884.5 100187 
2.794205794 2.068511594e+11 652977912.5 100353 
2.802197802 2.112148376e+11 667276840.2 100195 
2.81018981 2.092345475e+11 660318158.4 100408 
2.818181818 2.105592012e+11 665608970.5 100085 
2.826173826 1.988049305e+11 629315781.6 99811 
2.834165834 2.060425894e+11 651762174.4 99947 
2.842157842 2.067669765e+11 654129101.2 99921 
2.85014985 2.142877204e+11 677032486.2 100183 
2.858141858 2.120130632e+11 669270955.7 100359 
2.866133866 2.042016333e+11 645288823.9 100146 
2.874125874 2.037456084e+11 644879888.5 99829 
2.882117882 2.130757462e+11 673274880.1 100164 
2.89010989 2.129867507e+11 673963794.8 99871 
2.898101898 2.160240194e+11 682744937.6 100123 
2.906093906 2.044106781e+11 645655009.7 100250 
2.914085914 2.02773319e+11 641839590.1 99818 
2.922077922 2.13368583e+11 673877872.5 100266 
2.93006993 2.167637423e+11 684338960.9 100333 
2.938061938 2.117588908e+11 669774015.6 99970 
2.946053946 2.240264856e+11 707224910.5 100359 
2.954045954 2.256484236e+11 714044453.7 99869 
2.962037962 2.184911679e+11 691682888.8 99787 
2.97002997 2.19207562e+11 690404922.1 100814 
2.978021978 2.121517876e+11 671135742.8 99931 
2.986013986 2.1934387e+11 694657731.5 99709 
2.994005994 2.155095769e+11 683685187.6 99364 
3.001998002 2.207667608e+11 697790237.9 100100 
3.00999001 2.252353546e+11 711219291.3 100294 
3.017982018 2.266327277e+11 717333462.6 99817 
3.025974026 2.249336673e+11 711620550 99912 
3.033966034 2.217867336e+11 701925182.3 99838 
3.041958042 2.198764017e+11 695147921.2 100047 
3.04995005 2.202630191e+11 696854542.5 99908 
3.057942058 2.219377357e+11 703199171.1 99615 
3.065934066 2.277719428e+11 720670489.5 99894 
3.073926074 2.227822974e+11 703345974.2 100335 
3.081918082 2.200803428e+11 696368604.5 99893 
3.08991009 2.308055354e+11 731337820.1 99609 
3.097902098 2.318727044e+11 731916727.3 100367 
3.105894106 2.37183626e+11 750955480.9 99760 
3.113886114 2.357891735e+11 744325332.8 100359 
3.121878122 2.260156549e+11 716202934.7 99592 
3.12987013 2.27867424e+11 720794248.9 99946 
3.137862138 2.33297707e+11 737129183.4 100180 
3.145854146 2.219020454e+11 701252736.4 100144 
3.153846154 2.264596613e+11 717870469.8 99520 
3.161838162 2.268192789e+11 717350292.9 99982 
3.16983017 2.349871174e+11 742073963.2 100281 
3.177822178 2.296807833e+11 723600508.7 100756 
3.185814186 2.313192312e+11 730731244.2 100211 
3.193806194 2.28742622e+11 722860392.8 100139 
3.201798202 2.350566626e+11 744223488.5 99760 
3.20979021 2.33767016e+11 739986050.9 99798 
3.217782218 2.3657315e+11 746730990.5 100370 
3.225774226 2.351115552e+11 741057320.4 100659 
3.233766234 2.30275113e+11 728593778.5 99891 
3.241758242 2.341471904e+11 739283222.9 100314 
3.24975025 2.33370676e+11 738700208.9 99808 
3.257742258 2.288916102e+11 724190701.6 99899 
3.265734266 2.306940722e+11 731121213.8 99563 
3.273726274 2.307016943e+11 731319205.6 99515 
3.281718282 2.35316973e+11 741249466.8 100781 
3.28971029 2.336405074e+11 738567983.3 100073 
3.297702298 2.376022912e+11 750409858.6 100261 
3.305694306 2.435332165e+11 770580247.5 99883 
3.313686314 2.391172945e+11 757169051.1 99739 
3.321678322 2.347091215e+11 741558193.3 100180 
3.32967033 2.409129623e+11 758922723.5 100771 
3.337662338 2.370940192e+11 748166660.3 100428 
3.345654346 2.394820461e+11 757846755.3 99865 
3.353646354 2.304399371e+11 728122005 100171 
3.361638362 2.328267838e+11 736660234.3 99896 
3.36963037 2.354090905e+11 745801295 99633 
3.377622378 2.33642524e+11 739000081.4 99958 
3.385614386 2.360819162e+11 746423558.7 100038 
3.393606394 2.390511655e+11 756313829.9 99904 
3.401598402 2.365724088e+11 749108517.7 99741 
3.40959041 2.474995381e+11 782309953.4 100097 
3.417582418 2.42232404e+11 764360219.5 100443 
3.425574426 2.337380446e+11 738461846.3 100189 
3.433566434 2.331103076e+11 736610847.6 100151 
3.441558442 2.376259076e+11 752409076 99747 
3.44955045 2.404045211e+11 761229833.2 99741 
3.457542458 2.325922906e+11 736633176.4 99703 
3.465534466 2.369816584e+11 749259938.5 100040 
3.473526474 2.371738725e+11 749096207.5 100247 
3.481518482 2.300224987e+11 728502528.1 99699 
3.48951049 2.318751326e+11 733678070.9 99898 
3.497502498 2.438183814e+11 770439328.8 100159 
3.505494505 2.364555644e+11 748987846.7 99679 
3.513486513 2.306027451e+11 730281459.1 99719 
3.521478521 2.388132419e+11 756338400.4 99705 
3.529470529 2.302467064e+11 730307364.4 99404 
3.537462537 2.347212042e+11 740945513.5 100356 
3.545454545 2.364491837e+11 747309277.5 100111 
3.553446553 2.304490047e+11 728594657.7 100049 
3.561438561 2.266767999e+11 718203273.6 99642 
3.569430569 2.444076681e+11 774360631.4 99640 
3.577422577 2.369636918e+11 751973458 99310 
3.585414585 2.368451747e+11 749409263.3 99883 
3.593406593 2.363744917e+11 746795637.5 100184 
3.601398601 2.367863983e+11 750580672.7 99524 
3.609390609 2.409898663e+11 762342832.4 99932 
3.617382617 2.355319767e+11 745655207.8 99778 
3.625374625 2.365415728e+11 748738637.5 99812 
3.633366633 2.438820903e+11 771352598.8 99972 
3.641358641 2.342837711e+11 742730473 99507 
3.649350649 2.344654582e+11 742541424.3 99705 
3.657342657 2.335850574e+11 740362103.7 99541 
3.665334665 2.358021507e+11 745546937.8 100034 
3.673326673 2.366893341e+11 748000509.7 100131 
3.681318681 2.307879084e+11 729765774.8 100018 
3.689310689 2.367660936e+11 749465313.5 99805 
3.697302697 2.349996412e+11 742220427.2 100248 
3.705294705 2.324626608e+11 736945962.5 99503 
3.713286713 2.35224288e+11 744941973.1 99707 
3.721278721 2.395966122e+11 756071344.1 100424 
3.729270729 2.375149574e+11 749439911.7 100442 
3.737262737 2.324712781e+11 735534684.6 99895 
3.745254745 2.282579665e+11 723388854.9 99566 
3.753246753 2.30642805e+11 728625845.5 100202 
3.761238761 2.254644222e+11 713324965.8 99906 
3.769230769 2.270645858e+11 716534044.2 100431 
3.777222777 2.371774794e+11 748165789.7 100503 
3.785214785 2.341065759e+11 739941340.7 100101 
3.793206793 2.367868313e+11 749130301.1 99909 
3.801198801 2.364096985e+11 747085972.6 100136 
3.809190809 2.376702273e+11 751481649.7 100027 
3.817182817 2.384172666e+11 755258456.8 99654 
3.825174825 2.332728915e+11 738721511.5 99719 
3.833166833 2.380251781e+11 751477172.6 100328 
3.841158841 2.327740419e+11 737163980.6 99712 
3.849150849 2.354105228e+11 744136937.2 100081 
3.857142857 2.325756479e+11 732353644.7 100856 
3.865134865 2.291947314e+11 724376340.9 100114 
3.873126873 2.339554185e+11 740988179.2 99691 
3.881118881 2.314916643e+11 731861472.1 100052 
3.889110889 2.370182352e+11 748586480.7 100252 
3.897102897 2.295933268e+11 727893013 99496 
3.905094905 2.279425083e+11 719794969.3 100287 
3.913086913 2.240273682e+11 707849400.9 100168 
3.921078921 2.297840376e+11 723654464.2 100829 
3.929070929 2.238806283e+11 709924641.1 99452 
3.937062937 2.276965562e+11 719535191.8 100141 
3.945054945 2.245276777e+11 710986266.8 99729 
3.953046953 2.241702235e+11 710513425 99548 
3.961038961 2.321796892e+11 732235755.6 100549 
3.969030969 2.219229993e+11 701711141.3 100028 
3.977022977 2.250052243e+11 711803320.6 99925 
3.985014985 2.231122611e+11 705314108.4 100067 
3.993006993 2.284519238e+11 722606009.8 99956 
4.000999001 2.308470087e+11 729534994.5 100133 
4.008991009 2.23143632e+11 705717704.5 99983 
4.016983017 2.264707741e+11 717071227.9 99750 
4.024975025 2.286322085e+11 722923431.3 100021 
4.032967033 2.256515469e+11 712943530.8 100187 
4.040959041 2.162176351e+11 684372115.1 99821 
4.048951049 2.210272344e+11 698878139.9 100023 
4.056943057 2.199194566e+11 695177200.7 100078 
4.064935065 2.217641505e+11 702507596.9 99654 
4.072927073 2.251754389e+11 713026417.9 99734 
4.080919081 2.189841067e+11 693802401.4 99625 
4.088911089 2.19111462e+11 695239318.4 99326 
4.096903097 2.181796596e+11 691673408 99501 
4.104895105 2.192177361e+11 693009282.2 100063 
4.112887113 2.191331487e+11 691118732.7 100534 
4.120879121 2.173306174e+11 686044075.9 100355 
4.128871129 2.197401621e+11 694128431.7 100221 
4.136863137 2.244502295e+11 709461422.1 100090 
4.144855145 2.206853382e+11 697410449.8 100134 
4.152847153 2.198791127e+11 694603874.4 100208 
4.160839161 2.234720369e+11 706980287.9 99917 
4.168831169 2.191270097e+11 693256291.8 99915 
4.176823177 2.128470055e+11 674863904.5 99475 
4.184815185 2.125946611e+11 672199883.5 100025 
4.192807193 2.142209617e+11 677442388.1 99996 
4.200799201 2.149699065e+11 681107524.1 99615 
4.208791209 2.154338325e+11 680178030.3 100319 
4.216783217 2.150427104e+11 679601225.3 100125 
4.224775225 2.135496837e+11 674707836 100177 
4.232767233 2.152774407e+11 679935836 100245 
4.240759241 2.135588239e+11 675818832.2 99857 
4.248751249 2.177189333e+11 687405665 100316 
4.256743257 2.150257843e+11 680607782.8 99815 
4.264735265 2.112289305e+11 669036269.3 99681 
4.272727273 2.111165859e+11 667310138.9 100090 
4.280719281 2.103696557e+11 663835548.3 100426 
4.288711289 2.10004746e+11 664696387.3 99819 
4.296703297 2.095025264e+11 660761206 100529 
4.304695305 2.076635917e+11 657747656.3 99679 
4.312687313 2.082194715e+11 655729936.7 100831 
4.320679321 2.087285724e+11 658838712 100372 
4.328671329 2.111106178e+11 666999030.7 100178 
4.336663337 2.070364883e+11 657605860.3 99121 
4.344655345 2.082746916e+11 658756179.9 99960 
4.352647353 2.106487505e+11 665809398.3 100097 
4.360639361 2.088757027e+11 659132707.7 100423 
4.368631369 2.077429258e+11 657706107.8 99768 
4.376623377 2.051380448e+11 649175197.2 99856 
4.384615385 2.041329667e+11 645402996.7 100038 
4.392607393 2.029879613e+11 641685154.6 100070 
4.400599401 2.003331971e+11 632748101.3 100242 
4.408591409 2.030246965e+11 641475736.6 100171 
4.416583417 2.020246383e+11 637762505.7 100345 
4.424575425 2.041046349e+11 645755887.5 99902 
4.432567433 2.016882028e+11 638553941.8 99763 
4.440559441 2.039818768e+11 644869591.8 100056 
4.448551449 2.020128539e+11 638504050.3 100101 
4.456543457 2.058045835e+11 650316831.9 100154 
4.464535465 1.999565006e+11 633366548.9 99686 
4.472527473 1.911347783e+11 605761509.6 99565 
4.480519481 1.977775431e+11 623888147.8 100498 
4.488511489 1.930988514e+11 611748823.5 99637 
4.496503497 1.955103819e+11 618319581 99981 
4.504495504 1.937651927e+11 612596009 100048 
4.512487512 1.97028305e+11 623290774.1 99928 
4.52047952 1.988049802e+11 627276163.4 100452 
4.528471528 1.91863058e+11 607030209.7 99904 
4.536463536 1.964663589e+11 623053148.9 99438 
4.544455544 1.988967488e+11 628886766 100027 
4.552447552 1.947619392e+11 616337070.8 99857 
4.56043956 1.933822289e+11 614113579.6 99160 
4.568431568 1.938784385e+11 612739949.2 100117 
4.576423576 1.933768362e+11 610532769 100323 
4.584415584 1.891076812e+11 598265120.1 99917 
4.592407592 1.925235868e+11 608547496.5 100089 
4.6003996 1.899982082e+11 600602619.7 100076 
4.608391608 1.922152591e+11 608478655.9 99792 
4.616383616 1.948284355e+11 615648036.5 100148 
4.624375624 1.909200779e+11 605395431.1 99456 
4.632367632 1.915615446e+11 606079040.1 99903 
4.64035964 1.962082602e+11 622360917.4 99395 
4.648351648 1.940487511e+11 613355293.8 100094 
4.656343656 1.942735657e+11 612270190.7 100681 
4.664335664 1.899294231e+11 599383908.5 100412 
4.672327672 1.876442592e+11 593072339 100105 
4.68031968 1.877232179e+11 594782930.1 99617 
4.688311688 1.913314225e+11 605940406 99710 
4.696303696 1.850968704e+11 584649610.3 100239 
4.704295704 1.86238207e+11 589323563 99870 
4.712287712 1.865588248e+11 589512056.1 100149 
4.72027972 1.870376854e+11 591782993.5 99893 
4.728271728 1.881496536e+11 595106812.8 99958 
4.736263736 1.859712108e+11 588754057.2 99780 
4.744255744 1.814659853e+11 573388322.2 100163 
4.752247752 1.816839239e+11 573270385.7 100442 
4.76023976 1.826265408e+11 577116600.7 100139 
4.768231768 1.828251067e+11 578626920.2 99834 
4.776223776 1.803701072e+11 569786058 100211 
4.784215784 1.780210618e+11 563071526.1 99958 
4.792207792 1.767760684e+11 559285601.9 99904 
4.8001998 1.753591514e+11 553254472.7 100466 
4.808191808 1.721344477e+11 544683043 99877 
4.816183816 1.769908651e+11 560878946.9 99582 
4.824175824 1.764026743e+11 556936229.7 100328 
4.832167832 1.715807316e+11 542347422.7 100090 
4.84015984 1.719501989e+11 545086129.6 99515 
4.848151848 1.759905995e+11 556653892.8 99957 
4.856143856 1.741478856e+11 552866569.2 99223 
4.864135864 1.798899743e+11 569451206 99797 
4.872127872 1.741157227e+11 552785726.8 99218 
4.88011988 1.734081482e+11 548836628.1 99830 
4.888111888 1.770745159e+11 559871882.3 100033 
4.896103896 1.73019404e+11 547491590.3 99877 
4.904095904 1.690625385e+11 535226610.9 99776 
4.912087912 1.718630839e+11 544032640.6 99799 
4.92007992 1.723669075e+11 546285231.6 99559 
4.928071928 1.686101819e+11 533567381.4 99862 
4.936063936 1.691622326e+11 534963024.3 99992 
4.944055944 1.674164066e+11 528692137.5 100279 
4.952047952 1.725766082e+11 546021364.6 99901 
4.96003996 1.730901859e+11 546546256 100300 
4.968031968 1.68638442e+11 534604177 99507 
4.976023976 1.709714975e+11 540359183.6 100112 
4.984015984 1.683142576e+11 532504071.7 99908 
4.992007992 1.695165112e+11 535875545 100072 
5 1.731406985e+11 547382182.9 100053 
5.007992008 1.689589678e+11 533669224.6 100239 
5.015984016 1.678384211e+11 529853180 100342 
5.023976024 1.647837225e+11 520126494.3 100375 
5.031968032 1.689110385e+11 533696408.6 100171 
5.03996004 1.675884898e+11 529814440.6 100056 
5.047952048 1.660118691e+11 525815903 99700 
5.055944056 1.563651055e+11 495133610.9 99749 
5.063936064 1.645822661e+11 519711668.6 100301 
5.071928072 1.647187575e+11 520126004.5 100307 
5.07992008 1.558656106e+11 493068698.4 99938 
5.087912088 1.602698419e+11 506853595.9 99992 
5.095904096 1.603671386e+11 507226674.2 99964 
5.103896104 1.558196487e+11 493181091.2 99826 
5.111888112 1.574145847e+11 497685681.9 100043 
5.11988012 1.602334243e+11 504944301.7 100698 
5.127872128 1.590333398e+11 503530704.1 99753 
5.135864136 1.607798947e+11 508986297.4 99783 
5.143856144 1.621458645e+11 512109544.6 100256 
5.151848152 1.560070521e+11 492957500.7 100161 
5.15984016 1.561655453e+11 493277454.8 100229 
5.167832168 1.581126561e+11 499570510.2 100171 
5.175824176 1.564767763e+11 497180707.2 99055 
5.183816184 1.598450045e+11 505825820.8 99863 
5.191808192 1.56115405e+11 493748842.3 99978 
5.1998002 1.546895607e+11 488663589.8 100212 
5.207792208 1.596821641e+11 503825978 100454 
5.215784216 1.555675618e+11 492163932.1 99922 
5.223776224 1.521181454e+11 479987647.4 100443 
5.231768232 1.557643978e+11 492016088 100229 
5.23976024 1.522197984e+11 482246774.1 99635 
5.247752248 1.540326281e+11 486708164.2 100159 
5.255744256 1.531995995e+11 484472804.3 99995 
5.263736264 1.529629893e+11 483168117.2 100226 
5.271728272 1.547202068e+11 490435654.4 99528 
5.27972028 1.565797767e+11 495320998.7 99940 
5.287712288 1.490359043e+11 471558374.9 99898 
5.295704296 1.503654577e+11 474742440.4 100319 
5.303696304 1.483901245e+11 470719967.5 99378 
5.311688312 1.478598573e+11 466870934.6 100302 
5.31968032 1.494177745e+11 471719166.9 100333 
5.327672328 1.503810726e+11 474921184.2 100265 
5.335664336 1.459314089e+11 463630450.2 99074 
5.343656344 1.48272282e+11 468588838.7 100124 
5.351648352 1.469463624e+11 465096864 99825 
5.35964036 1.495722891e+11 473284496.4 99879 
5.367632368 1.46844506e+11 463325158 100455 
5.375624376 1.503493962e+11 476324842.7 99638 
5.383616384 1.464429077e+11 463188207.9 99964 
5.391608392 1.473217472e+11 466652491.4 99667 
5.3996004 1.447898776e+11 458991524.6 99514 
5.407592408 1.428157396e+11 452113876.9 99784 
5.415584416 1.4550878e+11 459145735.9 100434 
5.423576424 1.431284426e+11 453051444.6 99810 
5.431568432 1.404931926e+11 443958076.1 100146 
5.43956044 1.418246446e+11 448032254 100205 
5.447552448 1.394001777e+11 440114521.1 100327 
5.455544456 1.367496418e+11 432446801.4 100002 
5.463536464 1.414296234e+11 447006497.8 100109 
5.471528472 1.391691402e+11 440234576.7 99937 
5.47952048 1.411725029e+11 446559281.4 99942 
5.487512488 1.402786377e+11 442832674.9 100348 
5.495504496 1.421966181e+11 448563442.9 100493 
5.503496503 1.397986462e+11 441638879.4 100202 
5.511488511 1.396398847e+11 441072073.7 100231 
5.519480519 1.383843481e+11 436962570.2 100297 
5.527472527 1.390179232e+11 439312133.8 100139 
5.535464535 1.363520105e+11 430825533.5 100168 
5.543456543 1.377951465e+11 436625126.3 99600 
5.551448551 1.385963385e+11 438427311.1 99934 
5.559440559 1.362413852e+11 430625256.7 100100 
5.567432567 1.341528993e+11 424389564.1 99925 
5.575424575 1.356511129e+11 428518002.2 100212 
5.583416583 1.326833746e+11 418756827.8 100397 
5.591408591 1.346206934e+11 424996869.4 100338 
5.599400599 1.356368234e+11 429209621.2 99866 
5.607392607 1.351542159e+11 427562252.7 99922 
5.615384615 1.342893565e+11 425263507.6 99719 
5.623376623 1.31579663e+11 415525145.4 100278 
5.631368631 1.293391414e+11 409624504.5 99702 
5.639360639 1.334994077e+11 421829780 100161 
5.647352647 1.31152264e+11 414235592.5 100246 
5.655344655 1.314758636e+11 414054084.5 100829 
5.663336663 1.284405133e+11 405250830.3 100453 
5.671328671 1.289078786e+11 407829354.2 99912 
5.679320679 1.315380312e+11 416272759.5 99851 
5.687312687 1.307871531e+11 413518011.2 100033 
5.695304695 1.30805312e+11 413769072.2 99939 
5.703296703 1.297776624e+11 410839952.5 99784 
5.711288711 1.280705408e+11 404861680.2 100067 
5.719280719 1.267760306e+11 401546461.9 99679 
5.727272727 1.276759677e+11 402495154.1 100624 
5.735264735 1.300160482e+11 409404604.6 100854 
5.743256743 1.286677824e+11 406663846.2 100109 
5.751248751 1.260436267e+11 399401531.1 99594 
5.759240759 1.248503798e+11 395186210.7 99812 
5.767232767 1.280588183e+11 403984245.1 100484 
5.775224775 1.263393117e+11 399508039.1 100010 
5.783216783 1.234142377e+11 390445314.6 99912 
5.791208791 1.248309279e+11 394574678.9 100090 
5.799200799 1.233431788e+11 389349627.2 100359 
5.807192807 1.235251572e+11 389980100.9 100330 
5.815184815 1.238173201e+11 392492894.3 99519 
5.823176823 1.217843191e+11 385218752.8 99949 
5.831168831 1.213620723e+11 384022599.7 99874 
5.839160839 1.209329962e+11 382757355.4 99828 
5.847152847 1.18742948e+11 375349195.3 100081 
5.855144855 1.194109723e+11 377382982.8 100121 
5.863136863 1.184852753e+11 374848965.7 99912 
5.871128871 1.181298559e+11 374417306.4 99545 
5.879120879 1.215366571e+11 383689696.1 100338 
5.887112887 1.187449204e+11 374463750.2 100563 
5.895104895 1.162772728e+11 367036787.7 100364 
5.903096903 1.15610727e+11 364677826 100504 
5.911088911 1.17743173e+11 371869379.5 100255 
5.919080919 1.192718608e+11 376755358.2 100221 
5.927072927 1.19229209e+11 376948636.3 100047 
5.935064935 1.20106839e+11 380326707.9 99730 
5.943056943 1.187579751e+11 375600034.3 99972 
5.951048951 1.196996573e+11 377427797.9 100582 
5.959040959 1.170911129e+11 370483785 99891 
5.967032967 1.14804439e+11 362802874.8 100135 
5.975024975 1.149179792e+11 362059485 100744 
5.983016983 1.155361702e+11 364721687 100351 
5.991008991 1.133336212e+11 357359577.2 100581 
5.999000999 1.131893737e+11 359393204.6 99193 
6.006993007 1.149439864e+11 363372655.6 100064 
6.014985015 1.126317157e+11 355829976.2 100195 
6.022977023 1.138358318e+11 360048112.4 99964 
6.030969031 1.118801e+11 354308767.6 99712 
6.038961039 1.125329641e+11 355822449.3 100028 
6.046953047 1.080287957e+11 342301689.4 99607 
6.054945055 1.117819927e+11 353807716 99829 
6.062937063 1.14043322e+11 360566641.7 100042 
6.070929071 1.110909121e+11 350915543.6 100223 
6.078921079 1.111446356e+11 351323291.7 100087 
6.086913087 1.081570677e+11 341453169.6 100338 
6.094905095 1.083666043e+11 342471347.8 100127 
6.102897103 1.100066987e+11 348049868.1 99899 
6.110889111 1.102066446e+11 348230103.9 100162 
6.118881119 1.065911082e+11 337007502.8 100042 
6.126873127 1.06830763e+11 337703196.7 100076 
6.134865135 1.085475674e+11 343015385.9 100142 
6.142857143 1.083774781e+11 342016805.4 100412 
6.150849151 1.092763025e+11 345338592.5 100130 
6.158841159 1.079532711e+11 342218897.4 99511 
6.166833167 1.070604566e+11 338036512.7 100308 
6.174825175 1.064763142e+11 336200228.3 100304 
6.182817183 1.040424145e+11 329750252.2 99555 
6.190809191 1.070707065e+11 338552994.8 100023 
6.198801199 1.057027582e+11 334241679.8 100013 
6.206793207 1.057020232e+11 334366132.2 99938 
6.214785215 1.031056129e+11 326142616.2 99947 
6.222777223 1.012726597e+11 320818990.8 99648 
6.230769231 1.013459255e+11 320219413 100167 
6.238761239 1.033116533e+11 326683813.6 100012 
6.246753247 1.03582634e+11 327258067.9 100183 
6.254745255 1.028407404e+11 324791473 100260 
6.262737263 1.011131921e+11 320192693.3 99724 
6.270729271 1.025514339e+11 325129615 99490 
6.278721279 1.013383665e+11 320046099.5 100261 
6.286713287 1.013038702e+11 320263153.9 100055 
6.294705295 1.014314627e+11 319736312.9 100638 
6.302697303 1.010799955e+11 318891003 100473 
6.310689311 9.876522923e+10 312650283.6 99794 
6.318681319 9.737336204e+10 307968906.1 99970 
6.326673327 9.820708226e+10 310784277.2 99856 
6.334665335 9.99912652e+10 315487415.6 100453 
6.342657343 9.987752835e+10 315801589.1 100025 
6.350649351 9.840724304e+10 311488170.7 99812 
6.358641359 9.706970852e+10 306642680.2 100209 
6.366633367 9.658630335e+10 306130764.1 99545 
6.374625375 9.809786611e+10 310412667.6 99874 
6.382617383 9.970255821e+10 315519743.4 99854 
6.390609391 9.776145653e+10 308851094.8 100205 
6.398601399 9.405919222e+10 298040608 99605 
6.406593407 9.779852927e+10 309341852.1 99957 
6.414585415 9.666741206e+10 305177039.8 100338 
6.422577423 9.630256352e+10 304712501.6 99884 
6.430569431 9.591574537e+10 303602597.5 99810 
6.438561439 9.776600323e+10 308703125.4 100300 
6.446553447 9.54541622e+10 302186390.1 99781 
6.454545455 9.597178837e+10 303182329.8 100203 
6.462537463 9.505943752e+10 300296310.1 100206 
6.470529471 9.440336579e+10 298555113.3 99983 
6.478521479 9.471443823e+10 299398262.5 100077 
6.486513487 9.335544416e+10 296276446.3 99286 
6.494505495 9.367662643e+10 295535196.7 100472 
6.502497502 9.305673801e+10 294120452.7 100104 
6.51048951 9.119212607e+10 289069032.9 99522 
6.518481518 9.341206411e+10 295443691 99969 
6.526473526 9.339414355e+10 295288434.7 100034 
6.534465534 9.254196905e+10 292800613.3 99894 
6.542457542 9.10330253e+10 288186424.4 99783 
6.55044955 9.009402175e+10 285529471.2 99562 
6.558441558 8.971493424e+10 283600639.2 100073 
6.566433566 9.032553052e+10 285689186.3 99962 
6.574425574 8.952736371e+10 283593539.8 99660 
6.582417582 9.004167981e+10 283728576.6 100712 
6.59040959 8.948334822e+10 282948579.5 100016 
6.598401598 8.965028084e+10 282942266.7 100394 
6.606393606 8.896268546e+10 281818344.1 99650 
6.614385614 8.964344903e+10 283349287.9 100091 
6.622377622 9.013143958e+10 285037752.5 99989 
6.63036963 8.832333153e+10 279817499.1 99634 
6.638361638 8.860812873e+10 280070564.9 100095 
6.646353646 8.867460829e+10 280191964.7 100159 
6.654345654 8.790482782e+10 277336176.8 100465 
6.662337662 8.75440608e+10 276651062.9 100137 
6.67032967 8.620810214e+10 273011043.1 99716 
6.678321678 8.964535518e+10 283150324.1 100244 
6.686313686 8.610199585e+10 272565254.7 99799 
6.694305694 8.898045986e+10 281923315.2 99622 
6.702297702 8.772806465e+10 277516524.4 99935 
6.71028971 8.689132403e+10 274688710.2 100063 
6.718281718 8.767877769e+10 276906871.9 100261 
6.726273726 8.481043371e+10 269016739.2 99392 
6.734265734 8.583578242e+10 271255462.9 100134 
6.742257742 8.522191399e+10 269314044.3 100135 
6.75024975 8.521773439e+10 269813118.9 99755 
6.758241758 8.440438728e+10 267383100.4 99648 
6.766233766 8.37217889e+10 265174718.5 99684 
6.774225774 8.596799624e+10 271894085.2 99974 
6.782217782 8.384281405e+10 265680492.9 99592 
6.79020979 8.371188489e+10 265156072.8 99673 
6.798201798 8.228760471e+10 259789890.6 100336 
6.806193806 8.000499051e+10 252797099 100161 
6.814185814 8.0517873e+10 254520633 100082 
6.822177822 8.169829631e+10 259095283.3 99430 
6.83016983 8.02608274e+10 253587336.9 100180 
6.838161838 7.924557208e+10 250467937.7 100109 
6.846153846 8.24193289e+10 260436656.7 100157 
6.854145854 8.129413328e+10 258000631.1 99285 
6.862137862 8.098145194e+10 256453441.4 99715 
6.87012987 8.219121125e+10 260347410.2 99668 
6.878121878 8.023955979e+10 253752012 99996 
6.886113886 7.916343785e+10 250610279.9 99782 
6.894105894 7.952879044e+10 252162607.9 99472 
6.902097902 8.141254797e+10 257444928.3 100006 
6.91008991 7.938893452e+10 251065017.3 99991 
6.918081918 7.965817164e+10 252154075.4 99800 
6.926073926 7.93469869e+10 250589859.7 100263 
6.934065934 7.831311041e+10 247580553.2 100055 
6.942057942 7.865537651e+10 248788352.6 99959 
6.95004995 7.553039022e+10 239105086.4 99792 
6.958041958 7.612653633e+10 240863755.1 99896 
6.966033966 7.746103563e+10 245503892.3 99554 
6.974025974 7.650569441e+10 241989292.1 99955 
6.982017982 7.802901869e+10 246481634 100219 
6.99000999 7.687432862e+10 243185433.6 99931 
6.998001998 7.581393145e+10 239630469.1 100096 
7.005994006 7.593935515e+10 240331531.1 99842 
7.013986014 7.570226991e+10 239346384.8 100038 
7.021978022 7.595392808e+10 240289965.2 99915 
7.02997003 7.551971832e+10 238999762.1 99847 
7.037962038 7.699605896e+10 243548212.5 99950 
7.045954046 7.397090429e+10 234975395.8 99108 
7.053946054 7.35226685e+10 233003262.4 99568 
7.061938062 7.460854319e+10 235904792.1 100025 
7.06993007 7.555337453e+10 238555332.6 100307 
7.077922078 7.517874922e+10 238218134.4 99596 
7.085914086 7.412066895e+10 235316894.1 99215 
7.093906094 7.35382502e+10 233112060.5 99518 
7.101898102 7.348433924e+10 231643964.5 100636 
7.10989011 7.173831685e+10 227614946.8 99335 
7.117882118 7.288467594e+10 229468553.9 100885 
7.125874126 7.20852414e+10 228013962.1 99949 
7.133866134 7.34337769e+10 232071405.5 100130 
7.141858142 7.122164795e+10 225096543 100117 
7.14985015 7.090621241e+10 224461120.3 99790 
7.157842158 7.06339101e+10 223310833.9 100048 
7.165834166 7.008935867e+10 222075503.5 99610 
7.173826174 7.081315818e+10 223254323 100607 
7.181818182 7.023695368e+10 222723454.9 99450 
7.18981019 7.124914768e+10 225549657.6 99790 
7.197802198 6.951629288e+10 219835702.5 99998 
7.205794206 7.025044411e+10 221483431.6 100605 
7.213786214 7.039127582e+10 222685102 99921 
7.221778222 7.102512164e+10 223908304.6 100620 
7.22977023 6.998586692e+10 221429382.6 99897 
7.237762238 6.97861893e+10 220186928.3 100453 
7.245754246 6.863781771e+10 216471294.8 100539 
7.253746254 6.781502972e+10 214484038.3 99969 
7.261738262 6.866955462e+10 217629071.1 99565 
7.26973027 6.948174008e+10 220255917.3 99515 
7.277722278 6.900235514e+10 218010319.6 100182 
7.285714286 6.781509146e+10 213954584.2 100465 
7.293706294 6.709242779e+10 212786496.7 99418 
7.301698302 6.63161323e+10 209890409.8 99830 
7.30969031 6.736724092e+10 213320584 99733 
7.317682318 6.641577938e+10 210433032 99614 
7.325674326 6.639351872e+10 210394676.3 99583 
7.333666334 6.751287167e+10 213739944 99773 
7.341658342 6.812012124e+10 215893184.7 99560 
7.34965035 6.621538293e+10 209465581.2 99941 
7.357642358 6.455241127e+10 204079153.8 100055 
7.365634366 6.595569697e+10 208667362.8 99911 
7.373626374 6.671613359e+10 210847512.2 100121 
7.381618382 6.624555414e+10 209825070.4 99678 
7.38961039 6.638232135e+10 209557480.8 100346 
7.397602398 6.56881363e+10 207607523.5 100113 
7.405594406 6.495553804e+10 205519283.1 99892 
7.413586414 6.438251728e+10 203527211.9 100068 
7.421578422 6.331719698e+10 200686140.5 99544 
7.42957043 6.32523569e+10 199644255.2 100380 
7.437562438 6.420488759e+10 203009038.4 100026 
7.445554446 6.361151406e+10 201221131 99941 
7.453546454 6.57508724e+10 207822931.6 100100 
7.461538462 6.513865612e+10 205396310.2 100578 
7.46953047 6.419567679e+10 202710520.2 100293 
7.477522478 6.239237677e+10 197510282.2 99793 
7.485514486 6.138961476e+10 194478362 99644 
7.493506494 6.109436064e+10 193465588.8 99723 
7.501498501 6.154775929e+10 195070575.6 99553 
7.509490509 6.244727476e+10 198105464.6 99369 
7.517482517 6.122429819e+10 193563056.2 100052 
7.525474525 6.296916884e+10 199109266.3 100021 
7.533466533 6.168938642e+10 195387256.9 99689 
7.541458541 6.124952278e+10 193527274.3 100168 
7.549450549 6.230196902e+10 196834484 100188 
7.557442557 6.044469583e+10 191008122.7 100147 
7.565434565 5.984638254e+10 189336111.3 99910 
7.573426573 6.045664823e+10 190520235 100695 
7.581418581 6.030229085e+10 191049481.7 99627 
7.589410589 6.040029125e+10 190701581.3 100316 
7.597402597 5.995749089e+10 189700800.8 99902 
7.605394605 5.845956371e+10 184512559.2 100390 
7.613386613 6.00927323e+10 190308323 99714 
7.621378621 5.868501769e+10 185675129.4 99900 
7.629370629 5.905500185e+10 186842609.3 99901 
7.637362637 5.975411173e+10 189154467.5 99794 
7.645354645 5.93659104e+10 187609772.7 100133 
7.653346653 5.786939174e+10 183503906.2 99452 
7.661338661 5.908518618e+10 186819822.6 100027 
7.669330669 5.912970033e+10 186858635.8 100135 
7.677322677 5.837770824e+10 184610844.6 100003 
7.685314685 5.622623745e+10 178231780.7 99525 
7.693306693 5.827899558e+10 184526002.9 99758 
7.701298701 5.888385586e+10 186411752.8 99784 
7.709290709 5.748313914e+10 181465775.8 100348 
7.717282717 5.747063821e+10 181418421.2 100353 
7.725274725 5.638964685e+10 178918080.3 99333 
7.733266733 5.647974832e+10 178448741.4 100175 
7.741258741 5.641830204e+10 178122911.6 100323 
7.749250749 5.63477311e+10 178064409.8 100138 
7.757242757 5.626519097e+10 177859074.1 100077 
7.765234765 5.73414145e+10 181286534.8 100049 
7.773226773 5.720445517e+10 180837443 100067 
7.781218781 5.562310816e+10 176621266.5 99182 
7.789210789 5.556787713e+10 175711301.9 100013 
7.797202797 5.502126655e+10 173381572.4 100707 
7.805194805 5.553337166e+10 174890641.8 100827 
7.813186813 5.441071758e+10 172370987.1 99646 
7.821178821 5.31818568e+10 168227314.9 99941 
7.829170829 5.384345563e+10 170146294 100144 
7.837162837 5.391822814e+10 170487605 100020 
7.845154845 5.431562127e+10 171947786.3 99784 
7.853146853 5.485941424e+10 173572898.2 99894 
7.861138861 5.496820359e+10 173286290.9 100623 
7.869130869 5.3973548e+10 170958674.1 99674 
7.877122877 5.373763777e+10 170116362.5 99785 
7.885114885 5.380294031e+10 170191043.6 99940 
7.893106893 5.327667496e+10 168467055.4 100014 
7.901098901 5.219780471e+10 164980083.2 100104 
7.909090909 5.295740993e+10 167639583.6 99795 
7.917082917 5.22392943e+10 165274771.3 99905 
7.925074925 5.221903083e+10 165099350.7 100044 
7.933066933 5.052613959e+10 159648273.2 100167 
7.941058941 5.114939587e+10 162090171.5 99582 
7.949050949 5.178679844e+10 163667011.4 100119 
7.957042957 5.181377352e+10 163998932.9 99818 
7.965034965 5.156737394e+10 163151332.3 99901 
7.973026973 5.124265901e+10 162264058.3 99729 
7.981018981 5.100615776e+10 161470109.8 99788 
7.989010989 5.243070918e+10 165966258.7 99804 
7.997002997 5.118718602e+10 161824758.2 100062 
8.004995005 4.987277183e+10 158046931.1 99577 
8.012987013 5.059990138e+10 159816727.7 100244 
8.020979021 5.081027579e+10 160636108.6 100050 
8.028971029 5.063069411e+10 160297627.3 99764 
8.036963037 5.065379655e+10 160163057.5 100023 
8.044955045 5.078809569e+10 160698858.9 99885 
8.052947053 5.028958674e+10 158939966.6 100114 
8.060939061 4.977849692e+10 157285076.3 100167 
8.068931069 4.857486486e+10 153569620.4 100051 
8.076923077 4.932675995e+10 155737500.9 100319 
8.084915085 4.883439673e+10 154473880.3 99941 
8.092907093 4.869506121e+10 153896770.9 100118 
8.100899101 4.814795106e+10 152658892.9 99475 
8.108891109 4.886540997e+10 154628551.6 99868 
8.116883117 4.868266416e+10 153604309.9 100449 
8.124875125 4.841593497e+10 152974546.7 100171 
8.132867133 4.869147267e+10 154239636.5 99660 
8.140859141 4.801044212e+10 151579532.7 100323 
8.148851149 4.796011354e+10 151439404.5 100296 
8.156843157 4.807351897e+10 151840462.8 100240 
8.164835165 4.74543696e+10 150087950.7 99972 
8.172827173 4.864564014e+10 154019806.1 99760 
8.180819181 4.754165377e+10 150150449.9 100257 
8.188811189 4.81717169e+10 152344459.6 99986 
8.196803197 4.739847347e+10 149930839.9 99945 
8.204795205 4.680141346e+10 147882097.8 100159 
8.212787213 4.644551363e+10 147095934.5 99698 
8.220779221 4.70361559e+10 148283197.2 100619 
8.228771229 4.659443433e+10 147419768.5 99898 
8.236763237 4.66923183e+10 147557460.7 100131 
8.244755245 4.652782027e+10 147038359.7 100131 
8.252747253 4.594875068e+10 145288170.9 100021 
8.260739261 4.627816793e+10 146506082.9 99783 
8.268731269 4.506947247e+10 142369628.1 100219 
8.276723277 4.503786191e+10 142704162.9 99608 
8.284715285 4.648328707e+10 146607446.3 100531 
8.292707293 4.670600432e+10 147850856.6 99797 
8.300699301 4.516377866e+10 142791224.3 100048 
8.308691309 4.464059465e+10 141357414.3 99730 
8.316683317 4.42213096e+10 139875385.6 99950 
8.324675325 4.472102442e+10 141075277.8 100492 
8.332667333 4.568074904e+10 143756295.1 100976 
8.340659341 4.476947363e+10 141631200 99922 
8.348651349 4.594886678e+10 145357259.7 99929 
8.356643357 4.471382458e+10 141465483.9 99916 
8.364635365 4.348827437e+10 137491904.3 100047 
8.372627373 4.429987289e+10 140479599.3 99448 
8.380619381 4.472559816e+10 141643245 99706 
8.388611389 4.486610026e+10 141993784.1 99840 
8.396603397 4.420800567e+10 139733282.7 100094 
8.404595405 4.451695669e+10 140699353.5 100111 
8.412587413 4.326017524e+10 136751177.8 100076 
8.420579421 4.381727157e+10 138461429.7 100147 
8.428571429 4.350390138e+10 137698243.4 99817 
8.436563437 4.442103081e+10 140232105.1 100343 
8.444555445 4.386125813e+10 138597715.9 100152 
8.452547453 4.32793536e+10 136811100.6 100074 
8.460539461 4.362167537e+10 137855399 100129 
8.468531469 4.30459053e+10 136186866.7 99907 
8.476523477 4.298133761e+10 136141805.3 99674 
8.484515485 4.250207362e+10 134288653.4 100172 
8.492507493 4.286449543e+10 135294195.4 100378 
8.5004995 4.226224664e+10 133811188.8 99756 
8.508491508 4.111688529e+10 130385027.3 99448 
8.516483516 4.207958746e+10 133003963.9 100097 
8.524475524 4.164751916e+10 131750535.8 99926 
8.532467532 4.224384871e+10 133354425.7 100353 
8.54045954 4.081916651e+10 128964804.3 100186 
8.548451548 4.098044907e+10 129774728.5 99720 
8.556443556 4.16697517e+10 131704559.2 100102 
8.564435564 4.176508016e+10 131849873.3 100340 
8.572427572 4.088929869e+10 129225568.7 100122 
8.58041958 4.099726039e+10 129431329.6 100331 
8.588411588 4.103195567e+10 130163276.1 99374 
8.596403596 4.09150415e+10 129096052.3 100450 
8.604395604 4.147914771e+10 131265975.9 99854 
8.612387612 4.092664727e+10 129162409.8 100404 
8.62037962 4.053681069e+10 128007721.3 100287 
8.628371628 3.942701927e+10 124401179.8 100451 
8.636363636 3.918015685e+10 124053775.9 99750 
8.644355644 3.922519855e+10 124202868.2 99741 
8.652347652 3.973067273e+10 126029605.9 99383 
8.66033966 3.94408991e+10 124670029.4 100087 
8.668331668 3.910936528e+10 123891433.3 99652 
8.676323676 4.009824001e+10 126634947.2 100265 
8.684315684 3.950661978e+10 125115038.6 99710 
8.692307692 3.878241546e+10 122312844 100541 
8.7002997 3.858195885e+10 121914168.6 100167 
8.708291708 4.04027158e+10 127743413.6 100047 
8.716283716 3.839987791e+10 121343743.5 100159 
8.724275724 3.87245058e+10 122483516.8 99960 
8.732267732 3.86334664e+10 122513032.1 99441 
8.74025974 3.857292871e+10 121757197.9 100364 
8.748251748 3.866000547e+10 122220801.2 100054 
8.756243756 3.839232142e+10 121301723 100178 
8.764235764 3.748720942e+10 118471158.5 100127 
8.772227772 3.784315703e+10 120069067.5 99339 
8.78021978 3.773744493e+10 119393796.5 99907 
8.788211788 3.709532388e+10 117198111.7 100185 
8.796203796 3.737082155e+10 118463067.7 99523 
8.804195804 3.86986648e+10 122003056 100614 
8.812187812 3.794715371e+10 119894205.8 100179 
8.82017982 3.746441259e+10 118360401.3 100191 
8.828171828 3.793268097e+10 119846932.8 100179 
8.836163836 3.719254062e+10 118004429.1 99341 
8.844155844 3.666751284e+10 116048228 99837 
8.852147852 3.673997806e+10 116364563.8 99690 
8.86013986 3.77020623e+10 119282226.9 99905 
8.868131868 3.738206338e+10 118126210.4 100147 
8.876123876 3.710067863e+10 117529644.7 99650 
8.884115884 3.63202192e+10 115129281.6 99525 
8.892107892 3.689291461e+10 116606882.5 100102 
8.9000999 3.681074513e+10 116608267.5 99656 
8.908091908 3.621299451e+10 114365346.6 100266 
8.916083916 3.68207658e+10 116618139 99693 
8.924075924 3.647610923e+10 115323037.2 100048 
8.932067932 3.546143541e+10 112233406.6 99834 
8.94005994 3.5668114e+10 112745520.6 100086 
8.948051948 3.635680191e+10 114964174.8 100012 
8.956043956 3.605131762e+10 113863705.2 100249 
8.964035964 3.536992139e+10 112100583.9 99553 
8.972027972 3.568428226e+10 112656029.7 100334 
8.98001998 3.57114005e+10 112965257.6 99943 
8.988011988 3.431391975e+10 108619964.2 99804 
8.996003996 1.732970239e+10 77614111.58 49855 
