# Format: McCode with text headers
# URL: http://www.mccode.org
# Creator: 
# Instrument: BOA_beamline_monitors_Synthetic.instr
# Ncount: 25000000
# Trace: no
# Gravitation: no
# Seed: 1672844862956178
# Directory: BOA_Source_gen/0
# Nodes: 8
# Param: BASEdir=BOA_1-9AA_1e8/0/
# Param: Lmin=1
# Param: Lmax=9
# Param: trompete_exit_slit_width=0.04
# Param: trompete_exit_slit_height=0.04
# Date: Wed Jan  4 16:08:05 2023 (1672844885)
# type: array_1d(1001)
# Source: BOA_RNR51 (BOA_beamline_monitors_Synthetic.instr)
# component: Brill
# position: 0 0 8.62863
# title: Peak brilliance
# Ncount: 200000000
# filename: Peak_Brilliance.dat
# statistics: X0=4.39885; dX=1.79534;
# signal: Min=6.73001e+11; Max=1.76962e+13; Mean=8.99831e+12;
# values: 9.00731e+15 9.91558e+07 9.95739e+07
# xvar: Peak
# yvar: (I,I_err)
# xlabel: Wavelength [AA]
# ylabel: Peak Brilliance
# xlimits: 1 9
# variables: Peak I I_err N
1.003996004 6.730014167e+11 13308426.6 50379 
1.011988012 1.313600531e+12 12951372.14 100641 
1.01998002 1.372328947e+12 13689945.16 99518 
1.027972028 1.298082591e+12 12857908.83 100173 
1.035964036 1.550711374e+12 15524014.79 99255 
1.043956044 1.756894238e+12 17559498.2 99489 
1.051948052 1.61145258e+12 16022892.46 99947 
1.05994006 1.528825438e+12 15206953.23 99877 
1.067932068 1.474037744e+12 14659130.49 99872 
1.075924076 1.913903082e+12 19019258.48 100102 
1.083916084 1.958394519e+12 19550545.48 99662 
1.091908092 2.362738914e+12 23525158.9 100009 
1.0999001 2.089352958e+12 20729345.07 100306 
1.107892108 2.091633482e+12 20771945.19 100211 
1.115884116 1.843431697e+12 18350089.95 99914 
1.123876124 1.983747312e+12 19768070.79 99846 
1.131868132 2.421209869e+12 24077778.67 100141 
1.13986014 2.619287275e+12 26170871.15 99704 
1.147852148 2.356877372e+12 23610112.28 99406 
1.155844156 2.199587518e+12 21833617.8 100282 
1.163836164 2.253335056e+12 22593480.08 99297 
1.171828172 2.773230416e+12 27558697.83 100265 
1.17982018 3.234480137e+12 32190390.08 100168 
1.187812188 3.253237229e+12 32350675.5 100251 
1.195804196 3.257579222e+12 32533084.6 99825 
1.203796204 2.9473119e+12 29344436.64 100097 
1.211788212 2.843068687e+12 28228872.34 100358 
1.21978022 3.176497874e+12 31694003.35 99909 
1.227772228 3.151676933e+12 31470925.61 99829 
1.235764236 2.770388864e+12 27603011.41 100003 
1.243756244 3.063565846e+12 30615151.9 99742 
1.251748252 3.167757446e+12 31394947.26 100578 
1.25974026 3.220025331e+12 32223468.76 99620 
1.267732268 2.674628235e+12 26858638.99 99215 
1.275724276 3.299520918e+12 32690960.11 100621 
1.283716284 3.974878087e+12 39592346.67 100142 
1.291708292 3.409400199e+12 33966690.85 100080 
1.2997003 3.05999728e+12 30436235.87 100208 
1.307692308 3.589923188e+12 35810434.66 99969 
1.315684316 3.879585165e+12 38884696.09 99517 
1.323676324 3.902964439e+12 38858232.4 100183 
1.331668332 3.161078035e+12 31380347.39 100413 
1.33966034 4.027606316e+12 39921360.45 100635 
1.347652348 3.715530908e+12 37132639.06 99793 
1.355644356 3.946315044e+12 39274794.61 100224 
1.363636364 3.532059289e+12 35358595.76 99612 
1.371628372 3.132208508e+12 39137118.42 79869 
1.37962038 4.216118471e+12 41915133.04 100347 
1.387612388 4.946467424e+12 49292065.27 100147 
1.395604396 4.762596339e+12 47493187.02 100069 
1.403596404 4.653970822e+12 46459429.98 99958 
1.411588412 4.211406028e+12 42314730.33 99293 
1.41958042 4.56853008e+12 45713058.42 99722 
1.427572428 4.491178951e+12 44623191.74 100421 
1.435564436 4.445258633e+12 44436165.91 99813 
1.443556444 5.040732652e+12 50192078.79 100229 
1.451548452 5.172605308e+12 51539807.53 100167 
1.45954046 5.162712873e+12 51214169.38 100609 
1.467532468 5.442436773e+12 54156040.63 100310 
1.475524476 5.659974119e+12 56485763.59 100025 
1.483516484 5.925563207e+12 59039140.58 100197 
1.491508492 5.201846196e+12 51703739.37 100414 
1.4995005 5.850023287e+12 58392236.26 100014 
1.507492507 5.99325067e+12 60199954.18 99392 
1.515484515 5.285327762e+12 52781527.13 99947 
1.523476523 4.613197366e+12 46332228.2 99355 
1.531468531 4.686793849e+12 46751162.75 100036 
1.539460539 5.064443947e+12 50694733.78 99705 
1.547452547 5.584633626e+12 55730864.47 100028 
1.555444555 5.704305746e+12 56919834.95 100041 
1.563436563 5.930861808e+12 59589088.27 99364 
1.571428571 6.234754164e+12 62694955.13 99289 
1.579420579 6.711692218e+12 67356316.03 99498 
1.587412587 6.353807422e+12 63592052.39 99759 
1.595404595 6.176574066e+12 61637522.33 100046 
1.603396603 6.522368948e+12 65004612.39 100183 
1.611388611 5.794996753e+12 57778276.35 100124 
1.619380619 5.788223688e+12 57794038.19 99980 
1.627372627 6.002119517e+12 59899775.18 100036 
1.635364635 6.472469635e+12 64797837.33 99734 
1.643356643 5.881545973e+12 58787043.09 99879 
1.651348651 5.710288535e+12 56734913.98 100471 
1.659340659 6.850299578e+12 68192612.55 100308 
1.667332667 6.034462985e+12 60110354.07 100223 
1.675324675 6.102105931e+12 60615979.92 100502 
1.683316683 6.625890409e+12 66483240.58 99514 
1.691308691 6.625959534e+12 65936306.56 100338 
1.699300699 6.702104579e+12 66813412.8 100161 
1.707292707 7.165825938e+12 71904650.38 99520 
1.715284715 7.314015811e+12 73037525.33 100004 
1.723276723 6.998120787e+12 69687196.78 100278 
1.731268731 6.591777458e+12 66116452.57 99550 
1.739260739 6.855200351e+12 68599504.57 99786 
1.747252747 7.310275952e+12 72728839.79 100376 
1.755244755 7.550977921e+12 75068366.59 100454 
1.763236763 6.857987968e+12 68606754.33 99816 
1.771228771 6.646840624e+12 66178154.79 100287 
1.779220779 6.935284703e+12 69201069.76 100075 
1.787212787 6.35732138e+12 63659283.91 99709 
1.795204795 6.834977534e+12 68215151.26 100051 
1.803196803 7.406946232e+12 73940108.26 100040 
1.811188811 7.688606318e+12 76478895.43 100401 
1.819180819 7.301300218e+12 73131828.04 99702 
1.827172827 7.753573702e+12 77407344.66 100037 
1.835164835 6.845784521e+12 76528648.04 89350 
1.843156843 7.655600209e+12 76631495.74 99772 
1.851148851 7.722003203e+12 77635624.53 99338 
1.859140859 7.30076698e+12 72966499.4 99920 
1.867132867 7.646279367e+12 76400644.62 99951 
1.875124875 8.021430978e+12 80048041.46 100083 
1.883116883 8.451157609e+12 85035864.93 99268 
1.891108891 8.49663957e+12 85204965.83 99604 
1.899100899 8.004713873e+12 79947475.92 100000 
1.907092907 8.292864737e+12 82905458.69 99908 
1.915084915 8.653683663e+12 86419886.85 100020 
1.923076923 8.791635592e+12 87561349.75 100291 
1.931068931 8.152879842e+12 81319906.44 100134 
1.939060939 7.678748147e+12 76730111.6 99945 
1.947052947 8.299629642e+12 83100738.41 99755 
1.955044955 8.780604556e+12 87939999.15 99735 
1.963036963 8.272138466e+12 82921808.05 99639 
1.971028971 8.264059234e+12 82535980.27 100006 
1.979020979 7.968021827e+12 79512796.84 100085 
1.987012987 8.087918922e+12 80739870.34 100049 
1.995004995 8.638526618e+12 85632443.92 100761 
2.002997003 7.737173981e+12 77145213.99 100164 
2.010989011 8.277108776e+12 82723682.93 99937 
2.018981019 9.018550374e+12 90121124.16 99961 
2.026973027 8.913010836e+12 88737001.94 100330 
2.034965035 1.001881303e+13 100361102.6 99729 
2.042957043 9.478140923e+12 94517020.72 100174 
2.050949051 9.907897212e+12 98148359.84 100845 
2.058941059 9.469505924e+12 94145446.05 100477 
2.066933067 9.472945991e+12 95109286.86 99497 
2.074925075 8.664348912e+12 86202569.73 100395 
2.082917083 8.631377791e+12 85587037.55 100731 
2.090909091 9.174919417e+12 91872414.17 99758 
2.098901099 9.462121378e+12 94381651.42 100148 
2.106893107 9.402731123e+12 93968220.25 99957 
2.114885115 9.082461359e+12 90914531.3 99792 
2.122877123 9.69080476e+12 96871576.93 99935 
2.130869131 9.758375629e+12 97957311.68 99518 
2.138861139 9.948987611e+12 99447121.98 99943 
2.146853147 1.062994507e+13 105697972.6 100474 
2.154845155 9.898697075e+12 98767662.76 100121 
2.162837163 1.032614072e+13 103765917.3 99419 
2.170829171 9.966333573e+12 99145533.92 100421 
2.178821179 9.887456368e+12 98568578.71 100209 
2.186813187 9.829444121e+12 98773879.12 99415 
2.194805195 9.469226372e+12 94307268.89 100302 
2.202797203 9.489312781e+12 94580291.33 100225 
2.210789211 1.001589968e+13 99871311.39 100188 
2.218781219 1.000489727e+13 99689706.66 100260 
2.226773227 9.88065817e+12 98637837.56 100070 
2.234765235 9.726719954e+12 97374492.86 99788 
2.242757243 1.019962347e+13 101465628.1 100424 
2.250749251 1.069365786e+13 106737613.3 100093 
2.258741259 1.094813067e+13 108801911.1 100532 
2.266733267 1.101015679e+13 109771131.1 100210 
2.274725275 1.087113022e+13 108516128.3 100088 
2.282717283 1.112630343e+13 110182232.7 100889 
2.290709291 6.197050732e+12 106296900.4 58268 
2.298701299 1.056007638e+13 105537194.8 99966 
2.306693307 1.056773297e+13 105329812.9 100235 
2.314685315 1.106049524e+13 111197237.2 99379 
2.322677323 1.142481481e+13 114330779.9 99841 
2.330669331 1.151916808e+13 114793227.8 100260 
2.338661339 1.095939501e+13 109507616.9 99988 
2.346653347 1.115253868e+13 111491797.6 99941 
2.354645355 1.13086943e+13 113129125.9 99875 
2.362637363 1.146097744e+13 114307623.1 100177 
2.370629371 1.096069496e+13 109348604.8 100145 
2.378621379 1.075870368e+13 107593165.7 99902 
2.386613387 1.117589082e+13 111019899.7 100575 
2.394605395 1.137529534e+13 113414884.4 100210 
2.402597403 1.095431939e+13 109844257.9 99636 
2.410589411 1.083343995e+13 108251162.3 99985 
2.418581419 1.10363761e+13 110055881.7 100189 
2.426573427 1.079490333e+13 107141066 100660 
2.434565435 1.100690292e+13 109936492.4 100030 
2.442557443 1.106636441e+13 110952073.7 99651 
2.450549451 1.205085214e+13 120263320.2 100121 
2.458541459 1.183986206e+13 118452232 99871 
2.466533467 1.179277955e+13 117666863.4 100137 
2.474525475 1.205888974e+13 120629621.5 99884 
2.482517483 1.132596893e+13 113607475.7 99607 
2.490509491 1.156089302e+13 115235879.1 100237 
2.498501499 1.20853115e+13 120719819.6 100028 
2.506493506 1.231486858e+13 122933514.1 100094 
2.514485514 1.22621432e+13 123019813.3 99596 
2.522477522 1.299198535e+13 130270589.2 99655 
2.53046953 1.233125945e+13 123366393.1 99876 
2.538461538 1.20698742e+13 120761392.7 99866 
2.546453546 1.242155634e+13 123865529.4 100202 
2.554445554 1.273811743e+13 127097189.2 100145 
2.562437562 1.203849159e+13 120718364.9 99642 
2.57042957 1.247674383e+13 124522095.6 100117 
2.578421578 1.204888671e+13 120521014.1 99891 
2.586413586 1.253797016e+13 125766520.4 99614 
2.594405594 1.257898854e+13 126030034.2 99731 
2.602397602 1.296525739e+13 129276102 100214 
2.61038961 1.264406938e+13 126762804 99668 
2.618381618 1.283628219e+13 128008287.8 100199 
2.626373626 1.307154431e+13 129499332.4 100861 
2.634365634 1.364861833e+13 137042851.1 99522 
2.642357642 1.411979869e+13 141360545.2 99815 
2.65034965 1.338607347e+13 133562059.2 100149 
2.658341658 1.323589621e+13 132037425.1 100168 
2.666333666 1.272878319e+13 126779550.8 100322 
2.674325674 1.310066797e+13 130506025.1 100307 
2.682317682 1.344316361e+13 134103952.2 100170 
2.69030969 1.358171263e+13 135857908.4 99897 
2.698301698 1.350831916e+13 135990276.3 99261 
2.706293706 1.357242128e+13 135623495.8 100001 
2.714285714 1.363199207e+13 136577556 99739 
2.722277722 1.4683165e+13 146184865.5 100374 
2.73026973 1.348507261e+13 134217719.6 100397 
2.738261738 1.318688209e+13 131641554.7 100097 
2.746253746 1.031842139e+13 141551820.1 72858 
2.754245754 1.389700723e+13 139092206.4 99841 
2.762237762 1.453330269e+13 145500351.6 99817 
2.77022977 1.451316028e+13 145377313.2 99763 
2.778221778 1.41514117e+13 140638759.5 100551 
2.786213786 1.467857419e+13 146412274.3 100187 
2.794205794 1.47898579e+13 147278680.1 100353 
2.802197802 1.510186089e+13 150625219 100195 
2.81018981 1.496027014e+13 148895102.2 100408 
2.818181818 1.505498289e+13 150322602.9 100085 
2.826173826 1.421455253e+13 142315556 99811 
2.834165834 1.473204514e+13 147299328.6 99947 
2.842157842 1.478383882e+13 147856058 99921 
2.85014985 1.532157201e+13 152836394.4 100183 
2.858141858 1.515893402e+13 150947440.8 100359 
2.866133866 1.460041678e+13 145691859.5 100146 
2.874125874 1.4567811e+13 145828513.5 99829 
2.882117882 1.523491585e+13 152000276.8 100164 
2.89010989 1.522855268e+13 152383088 99871 
2.898101898 1.544571739e+13 154168039.3 100123 
2.906093906 1.461536348e+13 145689604 100250 
2.914085914 1.449829231e+13 145148147.8 99818 
2.922077922 1.525585368e+13 152054266.9 100266 
2.93006993 1.549860758e+13 154372088.7 100333 
2.938061938 1.514076069e+13 151353796.8 99970 
2.946053946 1.601789372e+13 159506355.9 100359 
2.954045954 1.613386229e+13 161451162.1 99869 
2.962037962 1.56221185e+13 156455611.6 99787 
2.97002997 1.567334068e+13 155367822 100814 
2.978021978 1.516885281e+13 151694060.6 99931 
2.986013986 1.56830867e+13 157189624.4 99709 
2.994005994 1.540893475e+13 154977012.4 99364 
3.001998002 1.578482339e+13 157591198.8 100100 
3.00999001 1.610432785e+13 160471673.9 100294 
3.017982018 1.620424003e+13 162240446.5 99817 
3.025974026 1.608275721e+13 160870087.1 99912 
3.033966034 1.585775145e+13 158735752.5 99838 
3.041958042 1.572116272e+13 157038478.4 100047 
3.04995005 1.574880587e+13 157533929.8 99908 
3.057942058 1.58685481e+13 159199934.2 99615 
3.065934066 1.628569391e+13 162930641.5 99894 
3.073926074 1.592893427e+13 158657928.9 100335 
3.081918082 1.573574451e+13 157426861.2 99893 
3.08991009 1.650259578e+13 165574934.3 99609 
3.097902098 1.657889836e+13 165083187.8 100367 
3.105894106 1.695862926e+13 169895341.1 99760 
3.113886114 1.685892591e+13 167886636.1 100359 
3.121878122 1.616011933e+13 162164418.8 99592 
3.12987013 1.629252082e+13 162914073.7 99946 
3.137862138 1.668078605e+13 166408766.2 100180 
3.145854146 1.586599625e+13 158332435.5 100144 
3.153846154 1.619186578e+13 162600882.5 99520 
3.161838162 1.621757844e+13 162105779.1 99982 
3.16983017 1.68015789e+13 167445511.4 100281 
3.177822178 1.6422176e+13 162889580.2 100756 
3.185814186 1.653932503e+13 164945586.9 100211 
3.193806194 1.635509747e+13 163224599.7 100139 
3.201798202 1.680655138e+13 168370895.7 99760 
3.20979021 1.612885254e+13 167356972.1 96319 
3.217782218 1.691498023e+13 168426694.3 100370 
3.225774226 1.68104762e+13 166904344 100659 
3.233766234 1.646467058e+13 164727269.8 99891 
3.241758242 1.674152412e+13 166791690 100314 
3.24975025 1.668600333e+13 167082020.1 99808 
3.257742258 1.636575013e+13 163723852.5 99899 
3.265734266 1.649462616e+13 165571479.1 99563 
3.273726274 1.649517114e+13 165656913.6 99515 
3.281718282 1.682516357e+13 166847790 100781 
3.28971029 1.670529628e+13 166831833.6 100073 
3.297702298 1.698856382e+13 169343944.8 100261 
3.305694306 1.741262498e+13 174231176.7 99883 
3.313686314 1.709688656e+13 171317352.8 99739 
3.321678322 1.678170219e+13 167416119.6 100180 
3.32967033 1.722527681e+13 170834907.2 100771 
3.337662338 1.695222237e+13 168700142.7 100428 
3.345654346 1.712296629e+13 171362099.4 99865 
3.353646354 1.64764555e+13 164383907.6 100171 
3.361638362 1.664711504e+13 166545368.3 99896 
3.36963037 1.683174997e+13 168838685.2 99633 
3.377622378 1.670544047e+13 167025444.6 99958 
3.385614386 1.687985701e+13 168635226.2 100038 
3.393606394 1.709215833e+13 170986748.3 99904 
3.401598402 1.691492723e+13 169489585.8 99741 
3.40959041 1.769621697e+13 176691440 100097 
3.417582418 1.731961689e+13 172332679.4 100443 
3.425574426 1.671227019e+13 166708048.7 100189 
3.433566434 1.666738699e+13 166323221 100151 
3.441558442 1.699025239e+13 170234544.7 99747 
3.44955045 1.718892326e+13 172236675.3 99741 
3.457542458 1.663034878e+13 166699983.6 99703 
3.465534466 1.694418857e+13 169274912.6 100040 
3.473526474 1.695793188e+13 169062056.4 100247 
3.481518482 1.644660866e+13 164863721.8 99699 
3.48951049 1.657907198e+13 165860901.1 99898 
3.497502498 1.743301427e+13 173954078.3 100159 
3.505494505 1.690657286e+13 169511319.2 99679 
3.513486513 1.648809627e+13 165246663.3 99719 
3.521478521 1.707514679e+13 171157799.4 99705 
3.529470529 1.646263951e+13 165514849.9 99404 
3.537462537 1.67825661e+13 167130767.7 100356 
3.545454545 1.690611664e+13 168774418.8 100111 
3.553446553 1.647710384e+13 164591083.2 100049 
3.561438561 1.620739119e+13 162557364.4 99642 
3.569430569 1.747514827e+13 175284072.2 99640 
3.577422577 1.694290396e+13 170507742.1 99310 
3.585414585 1.693442999e+13 169443600.6 99883 
3.593406593 1.690077616e+13 168597986.1 100184 
3.601398601 1.693022748e+13 170013308.9 99524 
3.609390609 1.723077544e+13 172325904.6 99932 
3.617382617 1.684053634e+13 168681092.9 99778 
3.625374625 1.691272246e+13 169346789.5 99812 
3.633366633 1.743756946e+13 174325404.6 99972 
3.641358641 1.675128964e+13 168244135.5 99507 
3.649350649 1.676428026e+13 168039920.2 99705 
3.657342657 1.670133161e+13 167684713.8 99541 
3.665334665 1.110727799e+13 168677514.1 65824 
3.673326673 1.692328739e+13 168912151.7 100131 
3.681318681 1.650133545e+13 164884433.4 100018 
3.689310689 1.692877569e+13 169519527.9 99805 
3.697302697 1.680247434e+13 167509630.4 100248 
3.705294705 1.662108025e+13 166942302.5 99503 
3.713286713 1.681853659e+13 168580706 99707 
3.721278721 1.713115777e+13 170488678.7 100424 
3.729270729 1.698231945e+13 168976248.5 100442 
3.737262737 1.662169639e+13 166292582.5 99895 
3.745254745 1.63204446e+13 163817067.2 99566 
3.753246753 1.649096056e+13 164477747.9 100202 
3.761238761 1.612070619e+13 161259609.2 99906 
3.769230769 1.623511788e+13 161554790.3 100431 
3.777222777 1.695818978e+13 168633475.9 100503 
3.785214785 1.673862018e+13 167118016.1 100101 
3.793206793 1.693025844e+13 169357699.2 99909 
3.801198801 1.690329344e+13 168704038.5 100136 
3.809190809 1.699342125e+13 169789134.9 100027 
3.817182817 1.704683456e+13 170961388.7 99654 
3.825174825 1.667901174e+13 167161207.8 99719 
3.833166833 1.701880024e+13 169532097.9 100328 
3.841158841 1.6643344e+13 166815247.4 99712 
3.849150849 1.683185238e+13 168083025.1 100081 
3.857142857 1.662915883e+13 164780143.7 100856 
3.865134865 1.63874233e+13 163588301.5 100114 
3.873126873 1.672781242e+13 167697736.2 99691 
3.881118881 1.6551654e+13 165331260.1 100052 
3.889110889 1.694680382e+13 168942613.1 100252 
3.897102897 1.641592287e+13 164892084.9 99496 
3.905094905 1.629788935e+13 162412974.4 100287 
3.913086913 1.601795682e+13 159811516.2 100168 
3.921078921 1.642955869e+13 162844722 100829 
3.929070929 1.600746492e+13 160858017.9 99452 
3.937062937 1.628030377e+13 162474448 100141 
3.945054945 1.605372896e+13 160874574.5 99729 
3.953046953 1.602817098e+13 160910702.1 99548 
3.961038961 1.660084778e+13 165002308.3 100549 
3.969030969 1.586749445e+13 158531260.8 100028 
3.977022977 1.608787353e+13 160900334 99925 
3.985014985 1.595252667e+13 159319153.9 100067 
3.993006993 1.633431255e+13 163315858.5 99956 
4.000999001 1.650556112e+13 164737038 100133 
4.008991009 1.595476969e+13 159475607.8 99983 
4.016983017 1.619266035e+13 162233467.1 99750 
4.024975025 1.634720291e+13 163338472.1 100021 
4.032967033 1.613408561e+13 160940296.8 100187 
4.040959041 1.545956091e+13 154773753.5 99821 
4.048951049 1.580344726e+13 157898867.6 100023 
4.056943057 1.572424115e+13 157020532.6 100078 
4.064935065 1.585613676e+13 159013007.3 99654 
4.072927073 1.610004388e+13 161330886.1 99734 
4.080919081 1.565736363e+13 157064129.2 99625 
4.088911089 1.566646953e+13 157629216.7 99326 
4.096903097 1.559984566e+13 156682047.5 99501 
4.104895105 1.567406813e+13 156542684.1 100063 
4.112887113 1.566802013e+13 155748181.3 100534 
4.120879121 1.012650504e+13 154668781.8 65445 
4.128871129 1.571142159e+13 156668287.7 100221 
4.136863137 1.604819141e+13 160238289.5 100090 
4.144855145 1.577900168e+13 157479481.6 100134 
4.152847153 1.572135656e+13 156787782.4 100208 
4.160839161 1.597825064e+13 159816087.6 99917 
4.168831169 1.566758119e+13 156709937 99915 
4.176823177 1.521856089e+13 152890061.2 99475 
4.184815185 1.520051827e+13 151867892.1 100025 
4.192807193 1.531679876e+13 153074851.3 99996 
4.200799201 1.537034831e+13 154198655.4 99615 
4.208791209 1.540351902e+13 153445793.4 100319 
4.216783217 1.53755538e+13 153464192.2 100125 
4.224775225 1.526880239e+13 152318793.9 100177 
4.232767233 1.539233701e+13 153447667.2 100245 
4.240759241 1.526945591e+13 152814100.5 99857 
4.248751249 1.556690373e+13 155079097.2 100316 
4.256743257 1.537434358e+13 153929312 99815 
4.264735265 1.510286853e+13 151413054.3 99681 
4.272727273 1.509483589e+13 150713257.2 100090 
4.280719281 1.504143038e+13 149676542.5 100426 
4.288711289 1.501533934e+13 150326564.7 99819 
4.296703297 1.497943064e+13 148906242 100529 
4.304695305 1.484794681e+13 148858656.4 99679 
4.312687313 1.488769221e+13 147549817.3 100831 
4.320679321 1.492409292e+13 148588144.9 100372 
4.328671329 1.509440917e+13 150576428.9 100178 
4.336663337 1.480310891e+13 149245420.2 99121 
4.344655345 1.489164045e+13 148876746 99960 
4.352647353 1.506138566e+13 150368523.5 100097 
4.360639361 1.493461274e+13 148617337.3 100423 
4.368631369 1.485361919e+13 148782541.4 99768 
4.376623377 1.46673702e+13 146786061.8 99856 
4.384615385 1.459550712e+13 145800285.7 100038 
4.392607393 1.451363923e+13 144935487.5 100070 
4.400599401 1.432382359e+13 142792871.3 100242 
4.408591409 1.45162658e+13 144815370.8 100171 
4.416583417 1.444476164e+13 143851322.2 100345 
4.424575425 1.459348139e+13 145978764.8 99902 
4.432567433 1.44207065e+13 144450574.2 99763 
4.440559441 1.458470419e+13 145666050.8 100056 
4.448551449 1.444391905e+13 144194038.6 100101 
4.456543457 1.471502772e+13 146824559.1 100154 
4.464535465 1.429688979e+13 143320232.5 99686 
4.472527473 1.366613665e+13 137159528.4 99565 
4.480519481 1.414109433e+13 140610372.1 100498 
4.488511489 1.380656787e+13 138469705.1 99637 
4.496503497 1.397899231e+13 139717170.2 99981 
4.504495504 1.385421128e+13 138376251.9 100048 
4.512487512 1.408752381e+13 140877482.8 99928 
4.52047952 1.421455609e+13 141406170.1 100452 
4.528471528 1.371820865e+13 137214654.2 99904 
4.536463536 1.404734466e+13 141168606.1 99438 
4.544455544 1.422111754e+13 142073436.7 100027 
4.552447552 1.392547865e+13 139355011 99857 
4.56043956 1.382682937e+13 139341093.5 99160 
4.568431568 1.386230835e+13 138361621.8 100117 
4.576423576 1.327922185e+13 137782929.2 96311 
4.584415584 1.35211992e+13 135225034 99917 
4.592407592 1.376543646e+13 137432522.2 100089 
4.6003996 1.358487189e+13 135646117.1 100076 
4.608391608 1.374339103e+13 137621230 99792 
4.616383616 1.393023314e+13 138996978.5 100148 
4.624375624 1.365078557e+13 137155717.8 99456 
4.632367632 1.369665044e+13 137000237.1 99903 
4.64035964 1.402889061e+13 141044099.6 99395 
4.648351648 1.387448571e+13 138515121.1 100094 
4.656343656 1.389055995e+13 137866017.6 100681 
4.664335664 1.357995375e+13 135142562.7 100412 
4.672327672 1.341656453e+13 133925445.7 100105 
4.68031968 1.342221008e+13 134639169.8 99617 
4.688311688 1.368019671e+13 137100787.9 99710 
4.696303696 1.323442623e+13 131929094.7 100239 
4.704295704 1.33160318e+13 133234411.4 99870 
4.712287712 1.333895597e+13 133091582.8 100149 
4.72027972 1.337319451e+13 133775930.8 99893 
4.728271728 1.345270023e+13 134484205 99958 
4.736263736 1.329694157e+13 133163443.3 99780 
4.744255744 1.297481795e+13 129437478.5 100163 
4.752247752 1.299040056e+13 129232518.9 100442 
4.76023976 1.305779767e+13 130297198.3 100139 
4.768231768 1.307199513e+13 130838090.4 99834 
4.776223776 1.289646267e+13 128593475.8 100211 
4.784215784 1.272850592e+13 127239180.6 99958 
4.792207792 1.263948889e+13 126417033.8 99904 
4.8001998 1.253817932e+13 124700338.3 100466 
4.808191808 1.230761301e+13 123128399 99877 
4.816183816 1.265484686e+13 126980678.1 99582 
4.824175824 1.261279121e+13 125615823 100328 
4.832167832 1.226802231e+13 122470391.1 100090 
4.84015984 1.229443922e+13 123444643.7 99515 
4.848151848 1.258332786e+13 125788042.7 99957 
4.856143856 1.245157382e+13 125392171.3 99223 
4.864135864 1.286213316e+13 128783773.6 99797 
4.872127872 1.244927417e+13 125375322.5 99218 
4.88011988 1.23986826e+13 124098713.9 99830 
4.888111888 1.266082789e+13 126467071.5 100033 
4.896103896 1.237088739e+13 123761925.5 99877 
4.904095904 1.20879715e+13 121051883 99776 
4.912087912 1.22882105e+13 123030372.4 99799 
4.92007992 1.232423388e+13 123689267.1 99559 
4.928071928 1.2055628e+13 120623578.2 99862 
4.936063936 1.209509963e+13 120861244.2 99992 
4.944055944 1.197027307e+13 119269962.8 100279 
4.952047952 1.233922749e+13 123415230.5 99901 
4.96003996 1.237594829e+13 123289588.8 100300 
4.968031968 1.205764861e+13 121074933.7 99507 
4.976023976 1.222446207e+13 122008316.2 100112 
4.984015984 1.203446942e+13 120356166.2 99908 
4.992007992 1.212043055e+13 121017592.5 100072 
5 1.237955994e+13 123630546.9 100053 
5.007992008 1.20805662e+13 120417944.8 100239 
5.015984016 1.200044711e+13 119495666 100342 
5.023976024 1.178203616e+13 117280352.1 100375 
5.031968032 1.207713925e+13 120465614.6 100171 
5.03996004 8.772063953e+12 119553586.4 73329 
5.047952048 1.186984864e+13 118956508.2 99700 
5.055944056 1.118010504e+13 111983145.1 99749 
5.063936064 1.176763203e+13 117223418 100301 
5.071928072 1.177739116e+13 117313687.2 100307 
5.07992008 1.114439116e+13 111413624.3 99938 
5.087912088 1.14592937e+13 114502642.1 99992 
5.095904096 1.146625041e+13 114604363.1 99964 
5.103896104 1.114110488e+13 111505929.7 99826 
5.111888112 1.125514281e+13 112403526 100043 
5.11988012 1.145668984e+13 113672586.3 100698 
5.127872128 1.13708838e+13 113891168.4 99753 
5.135864136 1.149576247e+13 115108375.8 99783 
5.143856144 1.159342931e+13 115538535.9 100256 
5.151848152 1.115450423e+13 111266092.8 100161 
5.15984016 1.116583649e+13 111303532.5 100229 
5.167832168 1.130505491e+13 112757910 100171 
5.175824176 1.11880895e+13 112849727.2 99055 
5.183816184 1.142891782e+13 114346635.1 99863 
5.191808192 1.116225146e+13 111547612 99978 
5.1998002 1.106030359e+13 110269346.2 100212 
5.207792208 1.141727474e+13 113556812.5 100454 
5.215784216 1.112308067e+13 111218224.1 99922 
5.223776224 1.087644739e+13 108184821.3 100443 
5.231768232 1.113715444e+13 111017365.9 100229 
5.23976024 1.088371559e+13 109136734 99635 
5.247752248 1.101333291e+13 109858838.9 100159 
5.255744256 1.095377137e+13 109443697.4 99995 
5.263736264 1.093685374e+13 109022193.7 100226 
5.271728272 1.106249479e+13 111050559.1 99528 
5.27972028 1.119545403e+13 111922328.7 99940 
5.287712288 1.065606716e+13 106570063 99898 
5.295704296 1.075113023e+13 107069599.4 100319 
5.303696304 1.06098939e+13 106664117.3 99378 
5.311688312 1.05719798e+13 105301660.7 100302 
5.31968032 1.068337088e+13 106379283.1 100333 
5.327672328 1.075224669e+13 107138507.8 100265 
5.335664336 1.043409573e+13 105217595.6 99074 
5.343656344 1.060146816e+13 105783743.1 100124 
5.351648352 1.050666491e+13 105151492.4 99825 
5.35964036 1.069441867e+13 106974355.9 99879 
5.367632368 1.049938218e+13 104418280.1 100455 
5.375624376 1.074998183e+13 107791238.3 99638 
5.383616384 1.04706679e+13 104644898.7 99964 
5.391608392 1.053350493e+13 105587802.6 99667 
5.3996004 1.035247625e+13 103931310.5 99514 
5.407592408 1.021132538e+13 102234975.5 99784 
5.415584416 1.040387777e+13 103489233.1 100434 
5.423576424 1.023368365e+13 102432301.1 99810 
5.431568432 1.004526327e+13 100206489.9 100146 
5.43956044 1.014046209e+13 101097416.5 100205 
5.447552448 9.967112709e+12 99246381.71 100327 
5.455544456 9.777599385e+12 97674473.54 100002 
5.463536464 1.011221808e+13 100912423 100109 
5.471528472 9.950593523e+12 99469173.94 99937 
5.47952048 1.009383396e+13 100897431.1 99942 
5.487512488 1.002992259e+13 99851494.19 100348 
5.495504496 5.906379852e+12 101177957.2 58343 
5.503496503 9.995603205e+12 99654772.8 100202 
5.511488511 9.984251759e+12 99512627.86 100231 
5.519480519 9.894480888e+12 98551956.26 100297 
5.527472527 9.939781511e+12 99160149.47 100139 
5.535464535 9.749168754e+12 97228441.93 100168 
5.543456543 9.852352977e+12 98820052.49 99600 
5.551448551 9.909638201e+12 99062340.05 99934 
5.559440559 9.741259039e+12 97215609.18 100100 
5.567432567 9.591932297e+12 95891819.22 99925 
5.575424575 9.699054569e+12 96685579.2 100212 
5.583416583 9.486861281e+12 94393493.43 100397 
5.591408591 9.62537958e+12 95829640.92 100338 
5.599400599 9.698032872e+12 97011025.03 99866 
5.607392607 9.663526438e+12 96611208.48 99922 
5.615384615 9.601688993e+12 96188169.29 99719 
5.623376623 9.407945904e+12 93718778.86 100278 
5.631368631 9.247748607e+12 92654601.68 99702 
5.639360639 9.545207649e+12 95198907.21 100161 
5.647352647 9.377386873e+12 93443917.41 100246 
5.655344655 9.400524244e+12 93131924.54 100829 
5.663336663 9.183496703e+12 91320776.97 100453 
5.671328671 9.216913318e+12 92150808.45 99912 
5.679320679 9.40496923e+12 94090602.63 99851 
5.687312687 9.351281447e+12 93382345.61 100033 
5.695304695 9.352579811e+12 93483358.95 99939 
5.703296703 9.27910286e+12 92892518.96 99784 
5.711288711 9.157043664e+12 91409460.49 100067 
5.719280719 9.064486185e+12 90837490.84 99679 
5.727272727 9.128831688e+12 90621980.73 100624 
5.735264735 9.296147448e+12 92073853.15 100854 
5.743256743 9.199746443e+12 91797591.28 100109 
5.751248751 9.012119308e+12 90389381.62 99594 
5.759240759 8.926802159e+12 89336741.34 99812 
5.767232767 9.156205506e+12 91020942.72 100484 
5.775224775 9.033260787e+12 90223961.16 100010 
5.783216783 8.824117996e+12 88219373.5 99912 
5.791208791 8.925411342e+12 89074155.68 100090 
5.799200799 8.819037285e+12 87774922.88 100359 
5.807192807 8.832048742e+12 87930039.42 100330 
5.815184815 8.852938386e+12 88858140.03 99519 
5.823176823 8.707578814e+12 87020648.38 99949 
5.831168831 8.677388169e+12 86783857.71 99874 
5.839160839 8.646709225e+12 86516619.63 99828 
5.847152847 8.490120783e+12 84732776.73 100081 
5.855144855 8.53788452e+12 85175907.17 100121 
5.863136863 8.471697183e+12 84692041.33 99912 
5.871128871 8.446284695e+12 84749731.71 99545 
5.879120879 8.689870982e+12 86506016.49 100338 
5.887112887 8.490261812e+12 84327088.77 100563 
5.895104895 8.313825002e+12 82736711.65 100364 
5.903096903 8.266166981e+12 82146987.4 100504 
5.911088911 8.418636871e+12 83872342.88 100255 
5.919080919 8.527938049e+12 84991472.58 100221 
5.927072927 8.524888443e+12 85109155.82 100047 
5.935064935 8.58763899e+12 86009527.28 99730 
5.943056943 8.491195222e+12 84836127.62 99972 
5.951048951 7.579115028e+12 85049917.07 89021 
5.959040959 8.372014572e+12 83711968.68 99891 
5.967032967 8.208517392e+12 81874720.92 100135 
5.975024975 8.216635512e+12 81459150.05 100744 
5.983016983 8.260836169e+12 82219417.94 100351 
5.991008991 8.103353915e+12 80465210 100581 
5.999000999 8.093040221e+12 81489981.41 99193 
6.006993007 8.218495025e+12 82032670.4 100064 
6.014985015 8.05316767e+12 80275088.62 100195 
6.022977023 8.139261977e+12 81322312.98 99964 
6.030969031 7.99942715e+12 80125948.17 99712 
6.038961039 8.046106932e+12 80338857.84 100028 
6.046953047 7.724058896e+12 77446059.86 99607 
6.054945055 7.992412476e+12 79961538.3 99829 
6.062937063 8.154097524e+12 81407045.8 100042 
6.070929071 7.943000214e+12 79153375.79 100223 
6.078921079 7.946841445e+12 79299583.02 100087 
6.086913087 7.733230344e+12 76971780.92 100338 
6.094905095 7.748212207e+12 77284038.66 100127 
6.102897103 7.865478959e+12 78634742.36 99899 
6.110889111 7.879775088e+12 78570471.36 100162 
6.118881119 7.621264236e+12 76080918.96 100042 
6.126873127 7.638399556e+12 76226226.96 100076 
6.134865135 7.76115107e+12 77401638.31 100142 
6.142857143 7.748989683e+12 77071854.77 100412 
6.150849151 7.813255632e+12 77931310.7 100130 
6.158841159 7.718658884e+12 77466700.34 99511 
6.166833167 7.654822645e+12 76213187.74 100308 
6.174825175 7.613056462e+12 75799836.62 100304 
6.182817183 7.439032634e+12 74623596.37 99555 
6.190809191 7.655555516e+12 76438245.09 100023 
6.198801199 7.557747209e+12 75467946.31 100013 
6.206793207 7.55769466e+12 75524207.11 99938 
6.214785215 7.37205132e+12 73659959.48 99947 
6.222777223 7.240995166e+12 72566382.74 99648 
6.230769231 7.246233675e+12 72241650.56 100167 
6.238761239 7.38678321e+12 73759257.97 100012 
6.246753247 7.40615833e+12 73826415.66 100183 
6.254745255 7.353112941e+12 73240480.88 100260 
6.262737263 7.229593236e+12 72396591.68 99724 
6.270729271 7.332427525e+12 73600958.64 99490 
6.278721279 7.245693203e+12 72168341 100261 
6.286713287 7.243226716e+12 72292688.34 100055 
6.294705295 7.252349582e+12 71963378.4 100638 
6.302697303 7.227219682e+12 71831772.85 100473 
6.310689311 7.06171389e+12 70663400.08 99794 
6.318681319 6.962195386e+12 69543152.68 99970 
6.326673327 7.021806381e+12 70219748.25 99856 
6.334665335 7.149375462e+12 71071178.17 100453 
6.342657343 7.141243277e+12 71294845.34 100025 
6.350649351 7.036117877e+12 70394176.81 99812 
6.358641359 6.940484159e+12 69160151.49 100209 
6.366633367 6.905920689e+12 69275593.96 99545 
6.374625375 7.013997427e+12 70128868.1 99874 
6.382617383 7.128732912e+12 71291993.85 99854 
6.390609391 6.989944142e+12 69656511.21 100205 
6.398601399 6.725232243e+12 67419682.43 99605 
6.406593407 6.992594843e+12 69856350.44 99957 
6.414585415 5.547165296e+12 68671433 80684 
6.422577423 6.885633292e+12 68836687.14 99884 
6.430569431 6.857975794e+12 68610768.63 99810 
6.438561439 6.990269231e+12 69593586.13 100300 
6.446553447 6.824972597e+12 68300009.29 99781 
6.454545455 6.861982868e+12 68380877.43 100203 
6.462537463 6.796749783e+12 67727830.43 100206 
6.470529471 6.749840654e+12 67410163.18 99983 
6.478521479 6.772082333e+12 67568904.89 100077 
6.486513487 6.674914257e+12 67130137.41 99286 
6.494505495 6.69787879e+12 66563916.62 100472 
6.502497502 6.653556768e+12 66366594.57 100104 
6.51048951 6.520237014e+12 65416265.34 99522 
6.518481518 6.678962584e+12 66710626.79 99969 
6.526473526 6.677681263e+12 66654340.33 100034 
6.534465534 6.616750787e+12 66138081.46 99894 
6.542457542 6.508861309e+12 65130629.47 99783 
6.55044955 6.441722555e+12 64601299.95 99562 
6.558441558 6.414617798e+12 63999553.95 100073 
6.566433566 6.458275432e+12 64507588.31 99962 
6.574425574 6.401206506e+12 64131032.89 99660 
6.582417582 6.437980106e+12 63824182.91 100712 
6.59040959 6.398059398e+12 63870583.71 100016 
6.598401598 6.40999508e+12 63748232.59 100394 
6.606393606 6.360832011e+12 63732323.04 99650 
6.614385614 6.409506606e+12 63936942.62 100091 
6.622377622 6.44439793e+12 64351324.03 99989 
6.63036963 6.315118204e+12 63283769.58 99634 
6.638361638 6.335481205e+12 63194823.5 100095 
6.646353646 6.340234493e+12 63201772.37 100159 
6.654345654 6.285195189e+12 62460808.11 100465 
6.662337662 6.259400347e+12 62408461.28 100137 
6.67032967 6.163879303e+12 61714858.67 99716 
6.678321678 6.409642895e+12 63840410.06 100244 
6.686313686 6.156292703e+12 61587346.43 99799 
6.694305694 6.36210288e+12 63763048.98 99622 
6.702297702 6.272556623e+12 62666663.22 99935 
6.71028971 6.212729668e+12 61988347.11 100063 
6.718281718 6.269032605e+12 62427100.05 100261 
6.726273726 6.06394601e+12 60911236.68 99392 
6.734265734 6.137258443e+12 61190544.83 100134 
6.742257742 6.09336685e+12 60751604.78 100135 
6.75024975 6.093068009e+12 60980795.95 99755 
6.758241758 6.03491369e+12 60462889.52 99648 
6.766233766 5.986107906e+12 59951373.55 99684 
6.774225774 6.146711731e+12 61383354.5 99974 
6.782217782 5.994761204e+12 60093827.48 99592 
6.79020979 5.98539977e+12 59950907.26 99673 
6.798201798 5.883563737e+12 58538481.35 100336 
6.806193806 5.720356822e+12 57011654.13 100161 
6.814185814 5.757027919e+12 57423227.91 100082 
6.822177822 5.841428186e+12 58649932.68 99430 
6.83016983 5.738649159e+12 57183399.15 100180 
6.838161838 5.666058403e+12 56498975.74 100109 
6.846153846 5.892982016e+12 58737496.21 100157 
6.854145854 5.812530529e+12 58444819.13 99285 
6.862137862 5.790173814e+12 57967719.64 99715 
6.87012987 2.962887909e+12 58930879.74 50235 
6.878121878 5.737128525e+12 57273783.28 99996 
6.886113886 5.660185806e+12 56625933.53 99782 
6.894105894 5.686308517e+12 57065644.07 99472 
6.902097902 5.82099718e+12 58106677.87 100006 
6.91008991 5.676308818e+12 56668401.47 99991 
6.918081918 5.695559272e+12 56970130.19 99800 
6.926073926 5.673309563e+12 56484208.67 100263 
6.934065934 5.599387394e+12 55863228.8 100055 
6.942057942 5.62385942e+12 56161894.45 99959 
6.95004995 5.400422901e+12 54017178.4 99792 
6.958041958 5.443047347e+12 54387424.58 99896 
6.966033966 5.538464047e+12 55533398.27 99554 
6.974025974 5.47015715e+12 54626425.1 99955 
6.982017982 5.579074836e+12 55568801.48 100219 
6.99000999 5.496514496e+12 54903349.86 99931 
6.998001998 5.420696098e+12 54055053.55 100096 
7.005994006 5.429663893e+12 54282901.4 99842 
7.013986014 5.412712299e+12 54006701.77 100038 
7.021978022 5.430705857e+12 54253523.34 99915 
7.02997003 5.39965986e+12 53979670.96 99847 
7.037962038 5.505218216e+12 54979956.2 99950 
7.045954046 5.288919656e+12 53266282.8 99108 
7.053946054 5.256870798e+12 52697392.68 99568 
7.061938062 5.334510838e+12 53231922.55 100025 
7.06993007 5.402066279e+12 53755194.3 100307 
7.077922078 5.37528057e+12 53871430.31 99596 
7.085914086 5.29962783e+12 53316552.07 99215 
7.093906094 5.257984889e+12 52735164.29 99518 
7.101898102 5.254130255e+12 52108777.43 100636 
7.10989011 5.129289655e+12 51537106.47 99335 
7.117882118 5.21125433e+12 51554664.87 100885 
7.125874126 5.15409476e+12 51467458.31 99949 
7.133866134 5.250515048e+12 52337017.97 100130 
7.141858142 5.092347829e+12 50764005.24 100117 
7.14985015 5.069794188e+12 50704997.47 99790 
7.157842158 5.050324572e+12 50379120.22 100048 
7.165834166 5.011389145e+12 50210644.07 99610 
7.173826174 5.06314081e+12 50225471.56 100607 
7.181818182 5.021942188e+12 50397861.5 99450 
7.18981019 5.094314059e+12 50950713.89 99790 
7.197802198 4.970414941e+12 49605292.75 99998 
7.205794206 5.022906754e+12 49826550.2 100605 
7.213786214 5.032976221e+12 50269785.4 99921 
7.221778222 5.078296197e+12 50369577.47 100620 
7.22977023 5.003989485e+12 49991742.49 99897 
7.237762238 4.989712535e+12 49571802.65 100453 
7.245754246 4.907603966e+12 48712537.43 100539 
7.253746254 4.848774625e+12 48402951.97 99969 
7.261738262 4.909873155e+12 49213825.59 99565 
7.26973027 4.967944415e+12 49822199.68 99515 
7.277722278 4.933668392e+12 49147015.47 100182 
7.285714286 4.848779039e+12 48163035.66 100465 
7.293706294 4.797108587e+12 48152633.54 99418 
7.301698302 4.74160346e+12 47397081.38 99830 
7.30969031 4.816757726e+12 48196934.44 99733 
7.317682318 4.748728226e+12 47571813.94 99614 
7.325674326 3.859595137e+12 47537336.26 81053 
7.333666334 4.827170324e+12 48281895.18 99773 
7.341658342 4.870588668e+12 48821723.37 99560 
7.34965035 4.734399879e+12 47272138.1 99941 
7.357642358 4.615497406e+12 46029669.05 100055 
7.365634366 4.715832333e+12 47100550.37 99911 
7.373626374 4.770203552e+12 47544396.82 100121 
7.381618382 4.736557121e+12 47419036.14 99678 
7.38961039 4.746335977e+12 47199485.31 100346 
7.397602398 4.696701745e+12 46814018.39 100113 
7.405594406 4.64432097e+12 46393655.28 99892 
7.413586414 4.603349986e+12 45902270.63 100068 
7.421578422 4.527179584e+12 45379755.67 99544 
7.42957043 4.522543518e+12 44953960.96 100380 
7.437562438 4.590649462e+12 45794655.71 100026 
7.445554446 4.548223255e+12 45409259.11 99941 
7.453546454 4.701187376e+12 46864936.04 100100 
7.461538462 4.657413912e+12 46206029.86 100578 
7.46953047 4.58999089e+12 45665639.59 100293 
7.477522478 4.461054939e+12 44603403.62 99793 
7.485514486 4.389357455e+12 43950857.54 99644 
7.493506494 4.368246786e+12 43704186.75 99723 
7.501498501 4.40066479e+12 44104797.01 99553 
7.509490509 4.464980145e+12 44834077.25 99369 
7.517482517 4.37753732e+12 43652673.33 100052 
7.525474525 4.502295572e+12 44913595.03 100021 
7.533466533 4.410791129e+12 44145934.7 99689 
7.541458541 4.379340879e+12 43619893.98 100168 
7.549450549 4.454590785e+12 44362238.95 100188 
7.557442557 4.321795752e+12 43054471.86 100147 
7.565434565 4.279016352e+12 42728896.39 99910 
7.573426573 4.322650349e+12 42827552.11 100695 
7.581418581 4.311613796e+12 43178038.03 99627 
7.589410589 4.318620825e+12 42949950.63 100316 
7.597402597 4.286960598e+12 42811855.12 99902 
7.605394605 4.179858805e+12 41535902.4 100390 
7.613386613 4.296630359e+12 42989925.6 99714 
7.621378621 4.195978765e+12 41901980.07 99900 
7.629370629 4.222432633e+12 42166361.53 99901 
7.637362637 4.272418989e+12 42712686.82 99794 
7.645354645 4.244662594e+12 42290206.53 100133 
7.653346653 4.137661509e+12 41505245.86 99452 
7.661338661 4.224590812e+12 42134569.69 100027 
7.669330669 4.227773574e+12 42120694.03 100135 
7.677322677 4.174006139e+12 41638894.33 100003 
7.685314685 4.020175978e+12 40294184.04 99525 
7.693306693 4.166948184e+12 41670898.06 99758 
7.701298701 4.210195694e+12 42093402.67 99784 
7.709290709 4.110044448e+12 40857643.3 100348 
7.717282717 4.109150632e+12 40846690.78 100353 
7.725274725 4.03185975e+12 40490077.29 99333 
7.733266733 4.038302005e+12 40212374.15 100175 
7.741258741 4.033908596e+12 40108961.64 100323 
7.749250749 4.028862774e+12 40133043.51 100138 
7.757242757 4.022961154e+12 40098657.03 100077 
7.765234765 4.099911137e+12 40879064.51 100049 
7.773226773 4.090118545e+12 40773813.94 100067 
7.781218781 3.977052233e+12 39999424.98 99182 
7.789210789 3.496722907e+12 39614154.7 88074 
7.797202797 3.934020558e+12 38963379.24 100707 
7.805194805 3.970636074e+12 39279920.88 100827 
7.813186813 3.890366307e+12 38942293.21 99646 
7.821178821 3.802502761e+12 37947592.87 99941 
7.829170829 3.849807078e+12 38342629.93 100144 
7.837162837 3.855153312e+12 38443866.42 100020 
7.845154845 3.883566921e+12 38820018.11 99784 
7.853146853 3.922448118e+12 39166277.9 99894 
7.861138861 3.930226557e+12 38958369.08 100623 
7.869130869 3.859108682e+12 38617696.33 99674 
7.877122877 3.842241101e+12 38405474.99 99785 
7.885114885 3.846910232e+12 38392319.64 99940 
7.893106893 3.80928226e+12 37987534.6 100014 
7.901098901 3.732143037e+12 37182603.37 100104 
7.909090909 3.78645481e+12 37842592.89 99795 
7.917082917 3.735109542e+12 37286760.47 99905 
7.925074925 3.733660704e+12 37220193.73 100044 
7.933066933 3.612618981e+12 35965832.7 100167 
7.941058941 3.657181805e+12 36625796.45 99582 
7.949050949 3.702756089e+12 36883479.77 100119 
7.957042957 3.704684807e+12 37014629.09 99818 
7.965034965 3.687067236e+12 36807358.15 99901 
7.973026973 3.663850119e+12 36638380.3 99729 
7.981018981 3.64694028e+12 36447140.21 99788 
7.989010989 3.748795706e+12 37461828.48 99804 
7.997002997 3.6598838e+12 36476143.81 100062 
8.004995005 3.565903186e+12 35710973.8 99577 
8.012987013 3.617892949e+12 35990663.68 100244 
8.020979021 3.632934719e+12 36211184.34 100050 
8.028971029 3.620094629e+12 36186862.47 99764 
8.036963037 3.621746453e+12 36109155.4 100023 
8.044955045 3.631348842e+12 36255455.9 99885 
8.052947053 3.595705452e+12 35816035.11 100114 
8.060939061 3.55916253e+12 35432154.66 100167 
8.068931069 3.473102838e+12 34613301.96 100051 
8.076923077 3.526863337e+12 35056196.37 100319 
8.084915085 3.491659366e+12 34837296.55 99941 
8.092907093 3.481696877e+12 34675843.81 100118 
8.100899101 3.442578501e+12 34508029.32 99475 
8.108891109 3.493876813e+12 34885111.97 99868 
8.116883117 3.480810487e+12 34552092.05 100449 
8.124875125 3.46173935e+12 34458154.21 100171 
8.132867133 3.481440296e+12 34833547.96 99660 
8.140859141 3.432746611e+12 34116644.91 100323 
8.148851149 3.429148118e+12 34090004.37 100296 
8.156843157 3.437256606e+12 34190053.01 100240 
8.164835165 3.392987426e+12 33839426.86 99972 
8.172827173 3.47816327e+12 34765580.56 99760 
8.180819181 3.399228245e+12 33804909.14 100257 
8.188811189 3.444277758e+12 34347640.48 99986 
8.196803197 3.388990853e+12 33808634.64 99945 
8.204795205 3.346301062e+12 33309745.6 100159 
8.212787213 3.320854224e+12 33209454.73 99698 
8.220779221 3.363085147e+12 33323351.86 100619 
8.228771229 3.331502055e+12 33249154.91 99898 
8.236763237 3.338500759e+12 33241214.62 100131 
8.244755245 1.90010924e+12 33101919.89 57303 
8.252747253 3.285335674e+12 32746448.92 100021 
8.260739261 3.308889007e+12 33061081.19 99783 
8.268731269 3.222467282e+12 32054039.25 100219 
8.276723277 3.220207126e+12 32229200.01 99608 
8.284715285 3.323555025e+12 32959481.25 100531 
8.292707293 3.339479309e+12 33362943.31 99797 
8.300699301 3.229210174e+12 32176566.23 100048 
8.308691309 3.191802517e+12 31904711.24 99730 
8.316683317 3.161823636e+12 31534102.74 99950 
8.324675325 3.197553246e+12 31718489.69 100492 
8.332667333 3.266173556e+12 32245063.79 100976 
8.340659341 3.201017364e+12 31935242.55 99922 
8.348651349 3.285343975e+12 32776864.93 99929 
8.356643357 3.197038458e+12 31897349.41 99916 
8.364635365 3.109411617e+12 30979455.08 100047 
8.372627373 3.167440912e+12 31750778.24 99448 
8.380619381 3.197880268e+12 31973396.46 99706 
8.388611389 3.207926169e+12 32030835.57 99840 
8.396603397 3.160872405e+12 31478943.87 100094 
8.404595405 3.182962404e+12 31694221.51 100111 
8.412587413 3.09310253e+12 30807450.94 100076 
8.420579421 3.132934917e+12 31183210.5 100147 
8.428571429 3.110528949e+12 31062494.75 99817 
8.436563437 3.176103703e+12 31552123.72 100343 
8.444555445 3.136079957e+12 31213046.65 100152 
8.452547453 3.094473783e+12 30821773.18 100074 
8.460539461 3.118949789e+12 31049179.87 100129 
8.468531469 3.077782229e+12 30706556.46 99907 
8.476523477 3.073165639e+12 30732487.8 99674 
8.484515485 3.038898264e+12 30236616.33 100172 
8.492507493 3.064811423e+12 30432308.67 100378 
8.5004995 3.021750635e+12 30191647.93 99756 
8.508491508 2.939857298e+12 29462286.15 99448 
8.516483516 3.008690504e+12 29957634.44 100097 
8.524475524 2.97779762e+12 29700082.73 99926 
8.532467532 3.020435183e+12 29997734.12 100353 
8.54045954 2.918570406e+12 29031305.45 100186 
8.548451548 2.930102109e+12 29283551.35 99720 
8.556443556 2.979387247e+12 29663390.95 100102 
8.564435564 2.986203231e+12 29660483.52 100340 
8.572427572 2.923584857e+12 29100075.38 100122 
8.58041958 2.931304118e+12 29115976.34 100331 
8.588411588 2.93378483e+12 29423266.38 99374 
8.596403596 2.925425467e+12 29022720.9 100450 
8.604395604 2.965759061e+12 29601079.8 99854 
8.612387612 2.926255279e+12 29044374.86 100404 
8.62037962 2.898381965e+12 28800556.12 100287 
8.628371628 2.819031878e+12 27963259.03 100451 
8.636363636 2.801381214e+12 27984234.69 99750 
8.644355644 2.804601697e+12 28019066.71 99741 
8.652347652 2.8407431e+12 28484379.93 99383 
8.66033966 2.820024285e+12 28075604.82 100087 
8.668331668 2.796319617e+12 27961158.64 99652 
8.676323676 2.86702416e+12 28494166.96 100265 
8.684315684 2.824723315e+12 28229643.84 99710 
8.692307692 2.772942705e+12 27479629.8 100541 
8.7002997 2.02389333e+12 27285632.83 73974 
8.708291708 2.888794179e+12 28774293.72 100047 
8.716283716 2.745591271e+12 27312120.8 100159 
8.724275724 2.768802165e+12 27599098.32 99960 
8.732267732 2.762292847e+12 27678728.2 99441 
8.74025974 2.757964403e+12 27379206.67 100364 
8.748251748 2.764190391e+12 27526887.06 100054 
8.756243756 2.745050982e+12 27301509.2 100178 
8.764235764 2.680335473e+12 26669175.87 100127 
8.772227772 2.705785728e+12 27138515.58 99339 
8.78021978 2.698227312e+12 26907432.18 99907 
8.788211788 2.652315658e+12 26373935.69 100185 
8.796203796 2.672013741e+12 26748629.57 99523 
8.804195804 2.766954533e+12 27400028.52 100614 
8.812187812 2.71322149e+12 26983504.73 100179 
8.82017982 2.6787055e+12 26635742.75 100191 
8.828171828 2.71218669e+12 26973175.09 100179 
8.836163836 2.659266654e+12 26669682.96 99341 
8.844155844 2.621727168e+12 26160179.11 99837 
8.852147852 2.626908431e+12 26251024.08 99690 
8.86013986 2.695697455e+12 26882651.92 99905 
8.868131868 2.672817532e+12 26588739.72 100147 
8.876123876 2.652698522e+12 26520451.62 99650 
8.884115884 2.596895673e+12 25993313.04 99525 
8.892107892 2.637843394e+12 26251393.63 100102 
8.9000999 2.631968277e+12 26310822.29 99656 
8.908091908 2.589229107e+12 25723267.16 100266 
8.916083916 2.632684755e+12 26308169.92 99693 
8.924075924 2.60804181e+12 25967794.55 100048 
8.932067932 2.535492632e+12 25297181.18 99834 
8.94005994 2.550270151e+12 25380631.49 100086 
8.948051948 2.599511337e+12 25891918.62 100012 
8.956043956 2.57766921e+12 25612350.11 100249 
8.964035964 2.52894938e+12 25303423.66 99553 
8.972027972 2.551426182e+12 25328921.36 100334 
8.98001998 2.553365136e+12 25448201.9 99943 
8.988011988 2.453445262e+12 24482749.81 99804 
8.996003996 1.239073721e+12 24803893.37 49855 
