# Format: McCode with text headers
# URL: http://www.mccode.org
# Creator: 
# Instrument: BOA_beamline_monitors_Synthetic.instr
# Ncount: 25000000
# Trace: no
# Gravitation: no
# Seed: 1672844885876744
# Directory: BOA_Source_gen/1
# Nodes: 8
# Param: BASEdir=BOA_1-9AA_1e8/1/
# Param: Lmin=1
# Param: Lmax=9
# Param: trompete_exit_slit_width=0.04
# Param: trompete_exit_slit_height=0.04
# Date: Wed Jan  4 16:08:29 2023 (1672844909)
# type: array_1d(1001)
# Source: BOA_RNR51 (BOA_beamline_monitors_Synthetic.instr)
# component: Brill
# position: 0 0 8.62863
# title: Mean brilliance
# Ncount: 200000000
# filename: Mean_Brilliance.dat
# statistics: X0=4.36422; dX=1.81394;
# signal: Min=4.27395e+09; Max=1.21251e+11; Mean=6.19525e+10;
# values: 6.20144e+13 6.98575e+09 9.99997e+07
# xvar: Mean
# yvar: (I,I_err)
# xlabel: Wavelength [AA]
# ylabel: Mean Brilliance
# xlimits: 1 9
# variables: Mean I I_err N
1.003996004 4273948740 19023866.65 50475 
1.011988012 8192552966 26000686.33 99286 
1.01998002 8413625023 26669882.34 99643 
1.027972028 1.022755196e+10 32527936.36 99500 
1.035964036 1.345745893e+10 42640032.71 99873 
1.043956044 1.431001831e+10 45307470.1 99768 
1.051948052 1.321064324e+10 41662136.55 100827 
1.05994006 9963034833 31662473.27 99879 
1.067932068 8995556222 29044752.83 100295 
1.075924076 1.839301209e+10 58324009.91 100530 
1.083916084 1.76943825e+10 55934456.34 100134 
1.091908092 1.861566974e+10 58902901.27 100040 
1.0999001 2.117512912e+10 67016933.11 99895 
1.107892108 1.853086933e+10 58741735.55 99967 
1.115884116 1.442722529e+10 45604439.9 100331 
1.123876124 1.587377226e+10 50331222.82 100104 
1.131868132 2.038216829e+10 64596930.59 99746 
1.13986014 1.777734266e+10 56199701.57 100205 
1.147852148 1.93172571e+10 61151648.11 99857 
1.155844156 1.946890564e+10 61622459.78 99916 
1.163836164 1.697224802e+10 53666306.96 100122 
1.171828172 2.005189944e+10 63712586.22 99767 
1.17982018 2.637772309e+10 83513913.77 99957 
1.187812188 2.518328111e+10 79894334.99 99681 
1.195804196 1.978779493e+10 62706731.44 99851 
1.203796204 2.264259976e+10 71720628.22 99773 
1.211788212 2.208782491e+10 69994717.22 99726 
1.21978022 2.679662421e+10 84912544.28 99805 
1.227772228 2.844000652e+10 89696665.02 100643 
1.235764236 2.36239641e+10 75008643.1 99334 
1.243756244 2.529105623e+10 79995605.13 100011 
1.251748252 2.697520853e+10 85232691.07 100226 
1.25974026 2.849679896e+10 90297558.04 99727 
1.267732268 2.325677103e+10 73547265.62 100259 
1.275724276 2.415662022e+10 76947395.03 99258 
1.283716284 3.231273249e+10 102486747.4 99651 
1.291708292 2.646382399e+10 83878776 100082 
1.2997003 2.304090275e+10 72976287.82 99789 
1.307692308 2.720525967e+10 86413966.31 99376 
1.315684316 3.092298777e+10 97718165.49 100170 
1.323676324 2.877094827e+10 91205038.44 99886 
1.331668332 2.354904168e+10 75065956.86 99527 
1.33966034 3.605565538e+10 114432697.1 99800 
1.347652348 3.296649032e+10 104053250.4 100668 
1.355644356 2.800855567e+10 88595266.89 100022 
1.363636364 2.904273363e+10 91977376.44 99927 
1.371628372 3.516915388e+10 111249591.9 100078 
1.37962038 3.613059944e+10 113941940.1 100585 
1.387612388 3.368404246e+10 106383107.8 100327 
1.395604396 3.885283486e+10 122787947.8 100286 
1.403596404 4.176774341e+10 131808758.7 100454 
1.411588412 3.716273371e+10 117147648.7 100766 
1.41958042 3.465333998e+10 109460516 100242 
1.427572428 3.610323936e+10 114253232.5 99891 
1.435564436 3.444572216e+10 108838669 100499 
1.443556444 4.404852037e+10 139364932.9 100101 
1.451548452 4.143240523e+10 130822557 100388 
1.45954046 4.026339288e+10 127280540.1 100237 
1.467532468 4.732942146e+10 149675097.6 100099 
1.475524476 4.21249791e+10 133359255.8 99866 
1.483516484 4.44710167e+10 140816695.1 99773 
1.491508492 4.197325636e+10 132570132.1 100333 
1.4995005 4.809238337e+10 151957987.4 100241 
1.507492507 4.672626948e+10 148094075.7 99567 
1.515484515 4.449709607e+10 140802974.8 100013 
1.523476523 3.747967613e+10 118821429.8 99609 
1.531468531 3.894501552e+10 123027092 100237 
1.539460539 3.520717078e+10 111731459.9 99371 
1.547452547 3.349493031e+10 106110100 99648 
1.555444555 3.516232517e+10 111182700.5 100091 
1.563436563 3.94423693e+10 124731965.3 100094 
1.571428571 4.348677352e+10 137883556.1 99579 
1.579420579 4.8806186e+10 154776927.5 99503 
1.587412587 5.215383018e+10 164408167 100637 
1.595404595 5.280301081e+10 167095494.4 99880 
1.603396603 5.45898671e+10 172433996.2 100388 
1.611388611 4.262845793e+10 135291138.2 99715 
1.619380619 3.950878662e+10 124994834.6 99946 
1.627372627 4.451098254e+10 140354277.5 100701 
1.635364635 4.853133565e+10 153539046.4 99931 
1.643356643 4.762652761e+10 150701185.4 99906 
1.651348651 4.639162483e+10 146909800.7 99957 
1.659340659 5.604499102e+10 177207743.7 100202 
1.667332667 4.636080472e+10 146523457.7 100354 
1.675324675 4.843668328e+10 153469179.8 99712 
1.683316683 5.291526187e+10 167233424.4 100142 
1.691308691 4.958347464e+10 157078127.5 99664 
1.699300699 5.099112505e+10 161072497.8 100252 
1.707292707 5.532300106e+10 175147463.7 99855 
1.715284715 6.041655152e+10 190466375 100641 
1.723276723 5.547909754e+10 175199800.8 100405 
1.731268731 5.027418693e+10 158886498.1 100200 
1.739260739 5.729524441e+10 181263805 99994 
1.747252747 5.747787843e+10 182068156 99664 
1.755244755 5.657280352e+10 178778857.2 100231 
1.763236763 4.910255517e+10 155210215.5 100170 
1.771228771 5.315241444e+10 168030771.8 100138 
1.779220779 5.571038828e+10 176072111.2 100133 
1.787212787 5.112322219e+10 161389627.1 100437 
1.795204795 4.782259508e+10 151207526.1 100097 
1.803196803 5.458427086e+10 172616470.8 100087 
1.811188811 5.629422277e+10 178314745.2 99668 
1.819180819 5.596725321e+10 177415838 99514 
1.827172827 5.630809736e+10 177806869.7 100287 
1.835164835 5.648693245e+10 178562397.8 100077 
1.843156843 5.844933207e+10 184995297.9 99843 
1.851148851 6.118649089e+10 193430244 100066 
1.859140859 6.106863409e+10 193122057.4 99994 
1.867132867 6.209028229e+10 195785400.1 100578 
1.875124875 6.211626616e+10 196576424.8 99886 
1.883116883 5.840963677e+10 184799855.8 100054 
1.891108891 6.900363699e+10 218393077.9 99939 
1.899100899 6.159813986e+10 195411469.2 99511 
1.907092907 5.742793153e+10 182085761 99481 
1.915084915 5.964454275e+10 189109379 99483 
1.923076923 5.992482866e+10 189549938.9 99958 
1.931068931 6.268131714e+10 198186396.3 100043 
1.939060939 5.890380151e+10 186272689.4 100043 
1.947052947 5.785233924e+10 182965254.2 100153 
1.955044955 6.860528564e+10 217010448.3 100044 
1.963036963 6.284574049e+10 198205787.6 100632 
1.971028971 6.007509582e+10 189856796.5 100130 
1.979020979 6.207067583e+10 196607349.8 99678 
1.987012987 6.243928767e+10 197389546.2 100099 
1.995004995 6.72185998e+10 212454599.9 100150 
2.002997003 5.959271779e+10 188977938.1 99529 
2.010989011 6.026324682e+10 190776172.1 99934 
2.018981019 7.124061575e+10 225826124.9 99646 
2.026973027 7.378195673e+10 233371058.1 99978 
2.034965035 6.651732716e+10 210906553.7 99633 
2.042957043 6.037078955e+10 190723480.3 100375 
2.050949051 7.38770331e+10 233042814.7 100668 
2.058941059 7.370572355e+10 232884956.2 100217 
2.066933067 6.637772241e+10 209424210.7 100534 
2.074925075 6.344057035e+10 201170870.3 99476 
2.082917083 6.833337552e+10 215953623.7 100151 
2.090909091 6.414662231e+10 202988945.6 99885 
2.098901099 6.72802521e+10 213198049.6 99633 
2.106893107 7.086171032e+10 224719470.4 99447 
2.114885115 6.844277686e+10 216180028.2 100247 
2.122877123 7.084944332e+10 224032282.8 100030 
2.130869131 7.296391189e+10 230536572.6 100175 
2.138861139 7.095715058e+10 224192354.7 100184 
2.146853147 7.322008499e+10 231763286.5 99839 
2.154845155 6.748737054e+10 214084208.3 99416 
2.162837163 7.247206486e+10 229447733.4 99796 
2.170829171 6.817841253e+10 216078307.8 99590 
2.178821179 7.305136982e+10 231334701.5 99742 
2.186813187 6.859154206e+10 217545378.1 99518 
2.194805195 6.175119203e+10 195697206.5 99617 
2.202797203 6.784661269e+10 214009469.6 100548 
2.210789211 6.821238479e+10 215756513.9 99957 
2.218781219 7.076461844e+10 223424136.9 100326 
2.226773227 7.179658536e+10 227318016 99758 
2.234765235 7.076095224e+10 223839386.5 99937 
2.242757243 7.245958603e+10 229319198 99845 
2.250749251 7.347634285e+10 232067996.8 100252 
2.258741259 7.657208522e+10 241842806.5 100261 
2.266733267 7.81257245e+10 247443284.3 99688 
2.274725275 7.770191125e+10 245571055.6 100118 
2.282717283 7.876646706e+10 248508265.9 100478 
2.290709291 8.174317564e+10 258462906.9 100048 
2.298701299 7.444673171e+10 235855659.9 99706 
2.306693307 7.231595022e+10 228438766.3 100287 
2.314685315 8.177618379e+10 258957933.2 99790 
2.322677323 8.251812561e+10 260832779.5 100088 
2.330669331 8.106803317e+10 256425116 99958 
2.338661339 7.812514016e+10 246921608.7 100112 
2.346653347 7.843227402e+10 247798734.5 100188 
2.354645355 7.656040897e+10 241889519.2 100205 
2.362637363 8.139333348e+10 257374969.6 100055 
2.370629371 7.255100693e+10 228858626 100630 
2.378621379 6.833302402e+10 215837094.7 100260 
2.386613387 7.48858936e+10 237933939.3 99202 
2.394605395 8.368296073e+10 264649083.6 100022 
2.402597403 7.67044572e+10 242911292.5 99760 
2.410589411 7.593526754e+10 239986910.4 100122 
2.418581419 7.349564922e+10 232123264.2 100257 
2.426573427 7.372313772e+10 232826077.3 100286 
2.434565435 7.828124285e+10 247151430.6 100334 
2.442557443 7.658221152e+10 242511653.3 99786 
2.450549451 8.637318414e+10 272456790 100547 
2.458541459 8.027099537e+10 253953777.7 99997 
2.466533467 7.465209805e+10 235997841.6 100092 
2.474525475 7.987989e+10 252729614.3 99926 
2.482517483 7.530073203e+10 238022479.2 100111 
2.490509491 7.581009439e+10 240291625.9 99607 
2.498501499 8.547107576e+10 270461633.9 99925 
2.506493506 8.698286306e+10 275628274.2 99591 
2.514485514 8.701221706e+10 275143301.8 100010 
2.522477522 8.716650666e+10 275236418.7 100298 
2.53046953 8.813969396e+10 278439862.9 100205 
2.538461538 8.601825791e+10 272110511.1 99931 
2.546453546 8.69237374e+10 274541234.7 100246 
2.554445554 8.435979151e+10 266873127.6 99944 
2.562437562 7.972618049e+10 252520324 99690 
2.57042957 8.136215118e+10 257631483.4 99738 
2.578421578 8.221455129e+10 259642952.6 100316 
2.586413586 9.114385955e+10 288138584.7 100102 
2.594405594 9.173095293e+10 289100650 100681 
2.602397602 8.881163751e+10 280641963.6 100169 
2.61038961 8.418225256e+10 266291486.7 99956 
2.618381618 9.002371776e+10 284580021.6 100097 
2.626373626 9.150645761e+10 289257669.1 100077 
2.634365634 9.203771006e+10 291616128.9 99647 
2.642357642 9.984897745e+10 316060600 99825 
2.65034965 9.58835633e+10 303210066.2 100064 
2.658341658 8.748473531e+10 276043226.8 100478 
2.666333666 8.779720377e+10 277428871.4 100189 
2.674325674 9.47047917e+10 299716946.3 99865 
2.682317682 9.406455865e+10 298133612.1 99550 
2.69030969 9.570856699e+10 303007096.2 99780 
2.698301698 9.138133466e+10 289251433.1 99822 
2.706293706 9.539141075e+10 301508151.1 100110 
2.714285714 9.165948922e+10 290593954.2 99520 
2.722277722 9.920952743e+10 313894203.9 99920 
2.73026973 9.374486201e+10 296232426.3 100197 
2.738261738 8.986282195e+10 284197779.8 100031 
2.746253746 1.000067283e+11 316046732.8 100172 
2.754245754 9.892848058e+10 313663568.1 99484 
2.762237762 1.034369499e+11 327397221.1 99825 
2.77022977 9.99022882e+10 315568287.9 100242 
2.778221778 9.684728316e+10 306320828.9 99966 
2.786213786 1.016500808e+11 321135697.3 100210 
2.794205794 1.045770412e+11 329333382.2 100835 
2.802197802 1.008639546e+11 318758864.3 100137 
2.81018981 9.833075209e+10 310774021.6 100116 
2.818181818 1.004741725e+11 317551340.5 100115 
2.826173826 9.713123005e+10 307286822.7 99923 
2.834165834 9.642686846e+10 303906640.7 100674 
2.842157842 9.649847593e+10 305339322 99897 
2.85014985 1.020127483e+11 323401319.7 99515 
2.858141858 1.031733254e+11 325782447.7 100296 
2.866133866 1.015309003e+11 321056442.7 100009 
2.874125874 1.016111733e+11 320700036.8 100393 
2.882117882 1.041687661e+11 329718342 99817 
2.89010989 1.040670544e+11 329395071.4 99816 
2.898101898 1.050738987e+11 332914469.9 99628 
2.906093906 9.914104506e+10 313916048.3 99759 
2.914085914 9.956879188e+10 314210924.4 100421 
2.922077922 9.662665974e+10 305660229 99949 
2.93006993 1.027543751e+11 324407053.9 100342 
2.938061938 1.030128192e+11 325666210.9 100085 
2.946053946 1.112411728e+11 352475680.1 99629 
2.954045954 1.096542304e+11 346925559 99941 
2.962037962 1.003586836e+11 318240408.6 99480 
2.97002997 1.00132452e+11 316613788.1 100022 
2.978021978 1.028981835e+11 325131251.6 100188 
2.986013986 1.089182438e+11 343606120.8 100502 
2.994005994 1.010909469e+11 320335459.7 99614 
3.001998002 1.073688918e+11 339351715.9 100148 
3.00999001 1.128767963e+11 357225496 99851 
3.017982018 1.124870587e+11 354963633.8 100425 
3.025974026 1.11628256e+11 352764478.1 100152 
3.033966034 1.053273976e+11 332505531.1 100359 
3.041958042 1.085163047e+11 343943397.2 99553 
3.04995005 1.066626555e+11 337200282.6 100061 
3.057942058 1.083743273e+11 342349067.2 100215 
3.065934066 1.105682386e+11 349129881.6 100298 
3.073926074 1.100110093e+11 348005193.3 99935 
3.081918082 1.067732207e+11 337588675.7 100040 
3.08991009 1.062130773e+11 335629743.1 100151 
3.097902098 1.110814959e+11 350505640.1 100462 
3.105894106 1.164488795e+11 367517020.6 100402 
3.113886114 1.129632998e+11 357653157.8 99772 
3.121878122 1.087440371e+11 343490240.8 100240 
3.12987013 1.063857905e+11 336246234.6 100118 
3.137862138 1.110963074e+11 352074845.4 99586 
3.145854146 1.048812542e+11 332161687.7 99724 
3.153846154 1.044940676e+11 330853515.9 99759 
3.161838162 1.089463299e+11 345693398.2 99334 
3.16983017 1.122671816e+11 353635697 100788 
3.177822178 1.077040424e+11 341033396.4 99745 
3.185814186 1.07614408e+11 341139735.1 99514 
3.193806194 1.10083658e+11 348404314.7 99837 
3.201798202 1.128363796e+11 356104975.2 100408 
3.20979021 1.164876585e+11 367593566.2 100427 
3.217782218 1.168774047e+11 370178413.7 99692 
3.225774226 1.130082747e+11 356867405 100290 
3.233766234 1.106041658e+11 349603321.3 100091 
3.241758242 1.107425131e+11 351440470.7 99295 
3.24975025 1.118109896e+11 353147980.3 100244 
3.257742258 1.12515469e+11 356509369.4 99606 
3.265734266 1.120713635e+11 355119901.6 99597 
3.273726274 1.112224182e+11 351887487.1 99907 
3.281718282 1.151723629e+11 363947892.2 100147 
3.28971029 1.148913537e+11 363137660.8 100100 
3.297702298 1.154049816e+11 364826403.1 100067 
3.305694306 1.124741654e+11 356057928.7 99791 
3.313686314 1.165263904e+11 368543929.2 99976 
3.321678322 1.145111743e+11 361419178 100390 
3.32967033 1.16905881e+11 369549443.9 100079 
3.337662338 1.162948793e+11 367957981.2 99895 
3.345654346 1.124387202e+11 355196627 100227 
3.353646354 1.084512384e+11 342224545.7 100444 
3.361638362 1.152873692e+11 364367392.1 100130 
3.36963037 1.143608379e+11 361262325.2 100213 
3.377622378 1.127181696e+11 356181737.9 100149 
3.385614386 1.139519696e+11 359849952.1 100294 
3.393606394 1.195222783e+11 377986321.6 99998 
3.401598402 1.155738864e+11 365925029 99764 
3.40959041 1.198966722e+11 380514077.2 99296 
3.417582418 1.212514562e+11 384008449.6 99720 
3.425574426 1.131612357e+11 358045271.7 99912 
3.433566434 1.136869565e+11 358914651.5 100333 
3.441558442 1.126319467e+11 355782241.2 100226 
3.44955045 1.167513498e+11 368609791 100326 
3.457542458 1.137307533e+11 359952622.8 99834 
3.465534466 1.145075531e+11 361685867 100232 
3.473526474 1.128694521e+11 356927015.7 100006 
3.481518482 1.100574615e+11 348140405.4 99953 
3.48951049 1.171827317e+11 371373306.7 99595 
3.497502498 1.200653569e+11 379663198.4 100026 
3.505494505 1.119614e+11 353105249.6 100584 
3.513486513 1.067307371e+11 338051223.9 99688 
3.521478521 1.115157819e+11 352825281.4 99909 
3.529470529 1.127342223e+11 356385563.8 100069 
3.537462537 1.090192133e+11 344612114.1 100087 
3.545454545 1.125197054e+11 356151616.7 99819 
3.553446553 1.110747891e+11 350061562 100690 
3.561438561 1.093471745e+11 345842089.9 100036 
3.569430569 1.211111867e+11 383780758.5 99635 
3.577422577 1.128356906e+11 356497531.3 100217 
3.585414585 1.162528024e+11 367540298.7 100054 
3.593406593 1.131642727e+11 358750731.7 99508 
3.601398601 1.125077901e+11 355986913.5 99886 
3.609390609 1.149745808e+11 364065951.1 99738 
3.617382617 1.163619646e+11 368152474.5 99901 
3.625374625 1.149495416e+11 363631052.4 99930 
3.633366633 1.157833312e+11 366381673.5 99868 
3.641358641 1.153917844e+11 364545177 100200 
3.649350649 1.116961382e+11 353233638.2 99993 
3.657342657 1.115661895e+11 353191558.9 99783 
3.665334665 1.150993737e+11 364039628.1 99978 
3.673326673 1.18742119e+11 375407238.4 100055 
3.681318681 1.131290494e+11 358334510.7 99682 
3.689310689 1.138289103e+11 359662955.3 100165 
3.697302697 1.126837136e+11 356293419.1 100025 
3.705294705 1.135988469e+11 359422391 99903 
3.713286713 1.177174792e+11 372794487.9 99716 
3.721278721 1.146133455e+11 362829487.7 99799 
3.729270729 1.113937569e+11 351835263.6 100244 
3.737262737 1.129477578e+11 357192368.9 99993 
3.745254745 1.095402271e+11 347038190.4 99636 
3.753246753 1.122899312e+11 355282676.6 99901 
3.761238761 1.065265624e+11 338440347.7 99082 
3.769230769 1.094263598e+11 345920959.9 100082 
3.777222777 1.147159441e+11 362799069.4 99992 
3.785214785 1.153793179e+11 366208925.5 99269 
3.793206793 1.12568395e+11 356492655.2 99712 
3.801198801 1.146087881e+11 362245461 100105 
3.809190809 1.171277761e+11 371387524.2 99468 
3.817182817 1.177965645e+11 373345221.9 99560 
3.825174825 1.118657798e+11 354810482.1 99417 
3.833166833 1.108053659e+11 350915723.9 99705 
3.841158841 1.117148821e+11 352371454.2 100517 
3.849150849 1.139157807e+11 360613617.5 99793 
3.857142857 1.113723666e+11 351719313.7 100274 
3.865134865 1.099331787e+11 347135866.3 100292 
3.873126873 1.081792034e+11 342086881 100005 
3.881118881 1.112994912e+11 351497347 100275 
3.889110889 1.151938445e+11 363299521.8 100541 
3.897102897 1.128586963e+11 356170370.2 100407 
3.905094905 1.129062364e+11 356575072.4 100268 
3.913086913 1.082671866e+11 341764500.1 100365 
3.921078921 1.070795027e+11 338469823.9 100086 
3.929070929 1.072609951e+11 338905389.4 100173 
3.937062937 1.109349341e+11 350615164 100114 
3.945054945 1.108285709e+11 350363263.9 100063 
3.953046953 1.120033634e+11 354963067.8 99566 
3.961038961 1.083217499e+11 343410905.8 99504 
3.969030969 1.069237196e+11 337864953 100155 
3.977022977 1.050681139e+11 332082324.5 100105 
3.985014985 1.056595456e+11 333772279 100225 
3.993006993 1.106700938e+11 350261840 99842 
4.000999001 1.093127134e+11 345425097.3 100152 
4.008991009 1.073642108e+11 339362572.1 100093 
4.016983017 1.11006884e+11 351594546.4 99711 
4.024975025 1.166042864e+11 369286735.6 99718 
4.032967033 1.09699959e+11 346343415.7 100354 
4.040959041 1.07135733e+11 339151168.8 99789 
4.048951049 1.078674777e+11 339961768.2 100683 
4.056943057 1.028508736e+11 325234308.9 100012 
4.064935065 1.056068999e+11 334162927.6 99899 
4.072927073 1.104402001e+11 348671563 100342 
4.080919081 1.044233428e+11 329601247.5 100389 
4.088911089 1.067701207e+11 337632714.9 100009 
4.096903097 1.079033628e+11 340652041.4 100334 
4.104895105 1.076442537e+11 340277971.7 100073 
4.112887113 1.060382341e+11 335471854.9 99912 
4.120879121 1.061059987e+11 335325820.6 100128 
4.128871129 1.085327981e+11 342708501.3 100295 
4.136863137 1.077598169e+11 340162638.9 100356 
4.144855145 1.069752515e+11 338235495.3 100030 
4.152847153 1.060469095e+11 335609794.8 99846 
4.160839161 1.073161452e+11 339685172.1 99812 
4.168831169 1.054796099e+11 333119760.9 100270 
4.176823177 1.025563761e+11 323759797.2 100344 
4.184815185 1.024636359e+11 323917210.2 100064 
4.192807193 1.037853417e+11 328528243.5 99800 
4.200799201 1.045197563e+11 330710584.2 99890 
4.208791209 1.076645291e+11 340567745.4 99943 
4.216783217 1.058790714e+11 334353440.5 100284 
4.224775225 1.035207054e+11 327436174.3 99956 
4.232767233 1.026301741e+11 324592489.6 99971 
4.240759241 1.030352667e+11 326424275.4 99635 
4.248751249 1.04415906e+11 330181469.8 100007 
4.256743257 1.029188488e+11 325907735.8 99725 
4.264735265 1.026186503e+11 324181673.4 100208 
4.272727273 9.931506572e+10 313819609.3 100159 
4.280719281 1.015864372e+11 321154275.1 100060 
4.288711289 1.016234232e+11 321192451.4 100107 
4.296703297 9.932415449e+10 314510864.8 99735 
4.304695305 9.827840363e+10 310806950.5 99991 
4.312687313 9.510940212e+10 301312672.9 99639 
4.320679321 9.85754875e+10 311436604.3 100198 
4.328671329 1.017006107e+11 321017524.7 100371 
4.336663337 9.835538415e+10 311451528 99732 
4.344655345 1.010525142e+11 318868901.9 100434 
4.352647353 9.963697104e+10 314943069.1 100088 
4.360639361 1.013803702e+11 320105639.6 100307 
4.368631369 1.015485115e+11 321176541 99972 
4.376623377 9.881726859e+10 311945157.1 100352 
4.384615385 9.897037728e+10 313315133 99784 
4.392607393 9.614064453e+10 304159338.1 99917 
4.400599401 9.515251275e+10 301055683.9 99896 
4.408591409 9.586482147e+10 303767685.5 99596 
4.416583417 9.752205525e+10 308867560.1 99697 
4.424575425 1.000765816e+11 315828991.9 100413 
4.432567433 9.581688634e+10 302608608.7 100267 
4.440559441 9.604570211e+10 303675646 100032 
4.448551449 9.605548936e+10 304218690 99696 
4.456543457 9.782604596e+10 309189123 100107 
4.464535465 9.64898191e+10 304841768 100192 
4.472527473 9.461632814e+10 299278233.4 99953 
4.480519481 9.665537043e+10 306301477.4 99579 
4.488511489 9.513060332e+10 300891031.8 99962 
4.496503497 9.517614026e+10 300683195.9 100194 
4.504495504 9.596054791e+10 303934032.8 99685 
4.512487512 9.615089127e+10 304235395.2 99882 
4.52047952 9.55713346e+10 302005745.4 100159 
4.528471528 9.025867909e+10 285919445.3 99664 
4.536463536 9.373506161e+10 296479730.8 99975 
4.544455544 9.677536592e+10 306227445.1 99874 
4.552447552 9.530547696e+10 301188711.9 100135 
4.56043956 9.330167936e+10 294821982 100154 
4.568431568 9.479665288e+10 300413207.4 99578 
4.576423576 9.500350145e+10 300511980.4 99962 
4.584415584 8.976717786e+10 284252395 99749 
4.592407592 9.450363423e+10 299429784.5 99625 
4.6003996 9.182688598e+10 290428650.3 99981 
4.608391608 9.065785017e+10 286832600 99912 
4.616383616 9.512993726e+10 301756599.2 99396 
4.624375624 9.253203053e+10 293367636.9 99492 
4.632367632 9.301657196e+10 294059660.9 100058 
4.64035964 9.458128709e+10 297905517.4 100800 
4.648351648 9.544797439e+10 301287746 100363 
4.656343656 9.408006576e+10 297130303.6 100257 
4.664335664 9.223792541e+10 291667194.8 100011 
4.672327672 9.221650353e+10 291376922.8 100164 
4.68031968 9.100200889e+10 287754148.4 100016 
4.688311688 9.282026218e+10 293321687.3 100143 
4.696303696 8.925016068e+10 282106188.7 100100 
4.704295704 8.805446513e+10 278987503.7 99617 
4.712287712 8.837351473e+10 279796419.2 99761 
4.72027972 8.858502785e+10 279854454 100201 
4.728271728 9.136529523e+10 288171210.2 100525 
4.736263736 9.021851556e+10 284887485 100288 
4.744255744 8.925148451e+10 282854417.7 99566 
4.752247752 8.799995517e+10 278304721.3 99984 
4.76023976 8.785750391e+10 277651066.2 100129 
4.768231768 8.723635016e+10 275840972.7 100018 
4.776223776 8.762019185e+10 276650230.4 100312 
4.784215784 8.552221542e+10 270778809.4 99755 
4.792207792 8.586204268e+10 271977273.1 99664 
4.8001998 8.53024977e+10 269700207.9 100048 
4.808191808 8.213235767e+10 259808382.3 99949 
4.816183816 8.737935433e+10 275544166.1 100580 
4.824175824 8.671284653e+10 274417674.6 99867 
4.832167832 8.181423914e+10 258224691.8 100402 
4.84015984 8.108525284e+10 256549845.5 99895 
4.848151848 8.189570354e+10 259258286.2 99784 
4.856143856 8.293381455e+10 262294879.3 99975 
4.864135864 8.389337662e+10 265366809.2 99947 
4.872127872 8.278042762e+10 261347569 100330 
4.88011988 8.489814653e+10 268691798.9 99848 
4.888111888 8.766170711e+10 276677758.5 100389 
4.896103896 8.459653346e+10 267686702.6 99882 
4.904095904 8.307913002e+10 262908193.4 99857 
4.912087912 8.326957096e+10 263125606 100149 
4.92007992 8.298666793e+10 262444973.4 99989 
4.928071928 8.114068601e+10 256335029.1 100201 
4.936063936 8.212106669e+10 258686751.2 100780 
4.944055944 8.306759527e+10 262895022.7 99840 
4.952047952 8.298516723e+10 263044387.8 99532 
4.96003996 8.576871787e+10 270842841.4 100289 
4.968031968 8.220796941e+10 259956262.8 100014 
4.976023976 8.267641065e+10 262157690.7 99459 
4.984015984 8.163674238e+10 258569292.6 99689 
4.992007992 7.98752896e+10 252843175.6 99805 
5 8.254656664e+10 261666629.7 99525 
5.007992008 8.032829461e+10 253838630.2 100152 
5.015984016 7.919428819e+10 250876357.9 99648 
5.023976024 8.012708699e+10 253073678.5 100246 
5.031968032 8.014993765e+10 253510361.1 99960 
5.03996004 7.884130431e+10 249031210.1 100236 
5.047952048 8.032075951e+10 254529035.4 99599 
5.055944056 7.573097173e+10 239971081.9 99615 
5.063936064 8.003610172e+10 253499941.6 99698 
5.071928072 7.920209137e+10 250286729.1 100150 
5.07992008 7.667195658e+10 242000902.6 100383 
5.087912088 7.821838654e+10 247611681.8 99791 
5.095904096 7.803784263e+10 246166936.9 100500 
5.103896104 7.633935142e+10 241434698.1 99978 
5.111888112 7.762405096e+10 245512273.6 99966 
5.11988012 7.672876148e+10 242690176.1 99960 
5.127872128 7.585098857e+10 239396197.1 100391 
5.135864136 7.747516764e+10 244686726.5 100261 
5.143856144 7.838438979e+10 248171761.2 99764 
5.151848152 7.518955643e+10 238295977.7 99574 
5.15984016 7.400988388e+10 233935717.6 100097 
5.167832168 7.714017546e+10 243769472 100146 
5.175824176 7.601034164e+10 240244337 100109 
5.183816184 7.864648698e+10 249141740.1 99655 
5.191808192 7.606951487e+10 240380833.4 100169 
5.1998002 7.282848661e+10 230402170.1 99925 
5.207792208 7.656555912e+10 241719338.2 100343 
5.215784216 7.48309133e+10 237055819.4 99659 
5.223776224 7.209333549e+10 228562471.7 99497 
5.231768232 7.520770242e+10 237285550.9 100463 
5.23976024 7.319377544e+10 231799597.6 99709 
5.247752248 7.395236694e+10 233585439.1 100234 
5.255744256 7.296301564e+10 230802820.8 99937 
5.263736264 7.317080613e+10 231434361.4 99961 
5.271728272 7.496060848e+10 236876132.7 100146 
5.27972028 7.466259748e+10 236105513.6 100007 
5.287712288 7.186508281e+10 226981975.5 100249 
5.295704296 7.294717385e+10 230175531.6 100440 
5.303696304 7.218538611e+10 228186421 100089 
5.311688312 6.820924685e+10 215837161 99881 
5.31968032 7.031124254e+10 221984388.2 100347 
5.327672328 7.21954293e+10 229461033.8 99013 
5.335664336 6.82593396e+10 215544788.4 100312 
5.343656344 7.10833144e+10 224612266.6 100169 
5.351648352 7.207972944e+10 227362034.5 100506 
5.35964036 7.105904039e+10 224560024.6 100133 
5.367632368 7.065640344e+10 223626490.3 99830 
5.375624376 7.166808642e+10 226610206.8 100023 
5.383616384 7.021354076e+10 222046036 99992 
5.391608392 7.011808024e+10 221623846.8 100099 
5.3996004 6.894448699e+10 218063333.8 99965 
5.407592408 6.83657809e+10 215658925.8 100497 
5.415584416 6.983248865e+10 220428137.8 100367 
5.423576424 6.828694534e+10 216082996.9 99878 
5.431568432 6.702939821e+10 211896461.4 100081 
5.43956044 7.063361759e+10 223269456.6 100102 
5.447552448 6.643604916e+10 210179581.3 99935 
5.455544456 6.711663502e+10 212374967.6 99885 
5.463536464 6.934714196e+10 219483503.8 99832 
5.471528472 6.798074761e+10 215014681.3 99965 
5.47952048 6.869145361e+10 216577495.7 100596 
5.487512488 6.804238926e+10 216066890.4 99171 
5.495504496 6.927464338e+10 218466825.7 100552 
5.503496503 6.707474429e+10 212222298.2 99896 
5.511488511 6.80078242e+10 214976942.7 100078 
5.519480519 6.772895827e+10 214132358.2 100043 
5.527472527 6.703110481e+10 211720910.7 100241 
5.535464535 6.550801263e+10 206863217.6 100285 
5.543456543 6.672026477e+10 211100553.9 99896 
5.551448551 6.625008716e+10 209225768.5 100265 
5.559440559 6.735639942e+10 212726875.4 100258 
5.567432567 6.708764087e+10 211986073.5 100155 
5.575424575 6.725793072e+10 212339916 100345 
5.583416583 6.332985292e+10 199943901.6 100338 
5.591408591 6.494141739e+10 205576575.1 99803 
5.599400599 6.658753215e+10 210191088 100360 
5.607392607 6.628939043e+10 210000646.4 99643 
5.615384615 6.608868517e+10 208927527.6 100069 
5.623376623 6.314543403e+10 199718714.1 99976 
5.631368631 6.280070935e+10 198539748 100066 
5.639360639 6.572223567e+10 207753289.3 100085 
5.647352647 6.312498539e+10 199369445.1 100272 
5.655344655 6.105227861e+10 192825931.1 100250 
5.663336663 6.187638661e+10 195511639.7 100164 
5.671328671 6.098348886e+10 193098818.9 99742 
5.679320679 6.325534521e+10 199793137.2 100248 
5.687312687 6.42072195e+10 203477612.9 99573 
5.695304695 6.30138068e+10 199433433.7 99839 
5.703296703 6.224513389e+10 196435155.4 100410 
5.711288711 6.235961937e+10 197496352.9 99701 
5.719280719 6.048393261e+10 191689219 99568 
5.727272727 5.934231225e+10 187778535.6 99872 
5.735264735 5.982780931e+10 188853653.9 100369 
5.743256743 6.210717929e+10 196471169.6 99934 
5.751248751 6.094878708e+10 192653152.7 100090 
5.759240759 6.152027524e+10 194332274.6 100221 
5.767232767 6.229165209e+10 197121462.5 99861 
5.775224775 6.160307663e+10 194870334.3 99935 
5.783216783 6.0995268e+10 193196995.1 99681 
5.791208791 5.911253939e+10 186927957 100010 
5.799200799 5.844114541e+10 184605546.6 100219 
5.807192807 5.874040651e+10 185989332.4 99747 
5.815184815 5.908925269e+10 186397128.4 100494 
5.823176823 5.930525287e+10 187348030.4 100206 
5.831168831 5.807131822e+10 183748278.5 99881 
5.839160839 5.818662498e+10 183876390.9 100142 
5.847152847 5.616800287e+10 177775801.3 99828 
5.855144855 5.747239199e+10 181553431.6 100212 
5.863136863 5.704496272e+10 180368038.8 100027 
5.871128871 5.698062683e+10 180456569.2 99704 
5.879120879 5.734205697e+10 181492597.4 99829 
5.887112887 5.515321953e+10 174824056.9 99533 
5.895104895 5.703603053e+10 180038911.1 100365 
5.903096903 5.606898013e+10 177104014.8 100230 
5.911088911 5.566468918e+10 176301726.2 99689 
5.919080919 5.616349906e+10 177740433.9 99848 
5.927072927 5.700668511e+10 180314219.7 99956 
5.935064935 5.852253594e+10 184786268.9 100303 
5.943056943 5.777198688e+10 182913080.1 99760 
5.951048951 5.697716202e+10 180032732.2 100162 
5.959040959 5.676337796e+10 179581204.8 99919 
5.967032967 5.439704084e+10 172018882.3 100008 
5.975024975 5.449262922e+10 172282384.2 100045 
5.983016983 5.455842148e+10 172374780.5 100179 
5.991008991 5.440252282e+10 171987072.5 100058 
5.999000999 5.555856834e+10 175466899.1 100259 
6.006993007 5.578598599e+10 176618863.5 99765 
6.014985015 5.534438407e+10 174852691.9 100186 
6.022977023 5.500271656e+10 173652953.2 100325 
6.030969031 5.396756847e+10 170884960.3 99738 
6.038961039 5.407219318e+10 171045727.7 99943 
6.046953047 5.200965899e+10 164503753.6 99964 
6.054945055 5.272691637e+10 166903783.3 99809 
6.062937063 5.421329112e+10 171520871.3 99907 
6.070929071 5.280952912e+10 166786395.6 100259 
6.078921079 5.274834848e+10 167067161.6 99687 
6.086913087 5.219032944e+10 165049671.2 99991 
6.094905095 5.167142429e+10 163227568.6 100211 
6.102897103 5.196794194e+10 164092065.5 100299 
6.110889111 5.16918927e+10 163641794.1 99783 
6.118881119 5.173723191e+10 163787443.7 99781 
6.126873127 5.106150278e+10 161627646.8 99807 
6.134865135 5.065203506e+10 160614244.2 99455 
6.142857143 5.109397779e+10 161661749.9 99892 
6.150849151 5.020219139e+10 159134206.9 99525 
6.158841159 5.209839283e+10 164924481.3 99803 
6.166833167 5.356964385e+10 169490285.7 99906 
6.174825175 5.046286047e+10 159854774.6 99679 
6.182817183 4.968825981e+10 156795103.3 100430 
6.190809191 5.119154452e+10 161798200.9 100108 
6.198801199 5.065570124e+10 160083446.7 100131 
6.206793207 5.073134218e+10 160059962.6 100462 
6.214785215 4.897173858e+10 154862167.1 100006 
6.222777223 4.830271821e+10 153118582.8 99516 
6.230769231 4.945265538e+10 156262123 100156 
6.238761239 4.913182917e+10 155365593.3 100004 
6.246753247 4.940767243e+10 155939776.1 100387 
6.254745255 4.947127451e+10 156590157.8 99812 
6.262737263 4.886644399e+10 154226924 100394 
6.270729271 4.894364555e+10 154254404.9 100675 
6.278721279 4.755366124e+10 150872091 99347 
6.286713287 4.774806857e+10 151536187.2 99287 
6.294705295 4.903788533e+10 155307423.6 99698 
6.302697303 4.911947051e+10 155041620.2 100372 
6.310689311 4.86179141e+10 153833636.6 99884 
6.318681319 4.800236378e+10 151578926 100289 
6.326673327 4.777839898e+10 151030463 100077 
6.334665335 4.800315536e+10 151958572.8 99794 
6.342657343 4.920767949e+10 155321836.8 100374 
6.350649351 4.765919711e+10 150210955.7 100674 
6.358641359 4.743320144e+10 150070453 99903 
6.366633367 4.770240187e+10 150986824.7 99817 
6.374625375 4.726807824e+10 149592006.2 99844 
6.382617383 4.774606317e+10 151060804.7 99902 
6.390609391 4.70378911e+10 148610587 100199 
6.398601399 4.482625816e+10 142069396 99569 
6.406593407 4.718540422e+10 149486367.3 99647 
6.414585415 4.595926393e+10 145511989.2 99767 
6.422577423 4.530252304e+10 143215622.3 100062 
6.430569431 4.490727466e+10 141898841.7 100156 
6.438561439 4.50227132e+10 142272093.6 100146 
6.446553447 4.57614866e+10 144802776.9 99874 
6.454545455 4.545841178e+10 143820117.8 99908 
6.462537463 4.629500328e+10 146271119.5 100186 
6.470529471 4.409730657e+10 139435882.9 100041 
6.478521479 4.701733776e+10 148714367.5 99976 
6.486513487 4.531360244e+10 143184156.6 100169 
6.494505495 4.4739396e+10 141276979.1 100286 
6.502497502 4.480139533e+10 142054001.2 99468 
6.51048951 4.438450244e+10 140324033 100050 
6.518481518 4.592627358e+10 145114107.2 100168 
6.526473526 4.601922905e+10 145466434 100082 
6.534465534 4.524894475e+10 143346683.9 99643 
6.542457542 4.498318695e+10 142220061.9 100042 
6.55044955 4.422483653e+10 139773177.4 100126 
6.558441558 4.206063701e+10 133258854 99632 
6.566433566 4.357952588e+10 137695885.5 100173 
6.574425574 4.237115834e+10 133880118.9 100168 
6.582417582 4.259238185e+10 134815167.7 99814 
6.59040959 4.289098545e+10 135570865.6 100092 
6.598401598 4.291440894e+10 135699991.3 100011 
6.606393606 4.316800343e+10 136427284.5 100121 
6.614385614 4.23928649e+10 134209703.5 99775 
6.622377622 4.292951938e+10 135350035.7 100600 
6.63036963 4.30418221e+10 135894740.8 100318 
6.638361638 4.230868586e+10 133783330.9 100014 
6.646353646 4.217937033e+10 133323792.8 100089 
6.654345654 4.220106461e+10 133731100.3 99584 
6.662337662 4.136173788e+10 130852244.9 99920 
6.67032967 4.134121959e+10 130673552.2 100102 
6.678321678 4.324997071e+10 136861606.7 99872 
6.686313686 4.25831507e+10 134743892.7 99878 
6.694305694 4.30987472e+10 136512004.4 99681 
6.702297702 4.142492719e+10 131086870.3 99875 
6.71028971 4.100009858e+10 129820869.7 99748 
6.718281718 4.237511376e+10 133965279.1 100060 
6.726273726 4.105183054e+10 129628790.6 100300 
6.734265734 4.060565626e+10 128324668.2 100129 
6.742257742 4.160052344e+10 131401975.2 100234 
6.75024975 4.217854387e+10 133204179 100267 
6.758241758 4.083370412e+10 129096872 100058 
6.766233766 3.966411836e+10 125720435.9 99540 
6.774225774 4.088761508e+10 129281233.1 100029 
6.782217782 4.051180876e+10 128231892.8 99810 
6.79020979 4.046523902e+10 127966457.7 99994 
6.798201798 3.993509146e+10 126348257.2 99903 
6.806193806 3.938285401e+10 124447888 100151 
6.814185814 3.866198019e+10 122312179.6 99918 
6.822177822 3.958860551e+10 125171750.5 100036 
6.83016983 3.782071694e+10 119703959 99840 
6.838161838 3.739381403e+10 118391429.8 99769 
6.846153846 3.92219974e+10 124007991.3 100046 
6.854145854 3.940702087e+10 124360024.2 100415 
6.862137862 3.854127353e+10 121903026.9 99964 
6.87012987 3.98651643e+10 126009073 100093 
6.878121878 3.91747421e+10 124051662.6 99731 
6.886113886 3.875380927e+10 122280232.5 100446 
6.894105894 3.968509824e+10 125590754.5 99852 
6.902097902 3.933206181e+10 124332840.6 100083 
6.91008991 3.782216022e+10 119814733.5 99653 
6.918081918 3.83653362e+10 121588166.5 99564 
6.926073926 3.8187744e+10 120734827.1 100045 
6.934065934 3.758870967e+10 118931687.1 99892 
6.942057942 3.815451718e+10 120964863.9 99494 
6.95004995 3.68165664e+10 116571072.8 99757 
6.958041958 3.68452876e+10 116415930 100172 
6.966033966 3.754943036e+10 118532708.5 100354 
6.974025974 3.725502866e+10 118019188.5 99649 
6.982017982 3.81410153e+10 120555773 100096 
6.99000999 3.739217333e+10 118131915.2 100197 
6.998001998 3.661580463e+10 115457885 100578 
7.005994006 3.602695736e+10 113661640.2 100472 
7.013986014 3.51994419e+10 111168625.3 100258 
7.021978022 3.600056191e+10 113904999.1 99898 
7.02997003 3.661394278e+10 115844459.8 99898 
7.037962038 3.725228858e+10 117796490.5 100013 
7.045954046 3.596543056e+10 113848385.8 99805 
7.053946054 3.540253002e+10 111915498.8 100069 
7.061938062 3.486891649e+10 110488869.1 99603 
7.06993007 3.691702187e+10 116344162.9 100698 
7.077922078 3.732131697e+10 117898256.6 100208 
7.085914086 3.667939478e+10 115787744.9 100358 
7.093906094 3.542742315e+10 112032196.2 100002 
7.101898102 3.520163492e+10 111571478.8 99545 
7.10989011 3.511722484e+10 111209627.1 99715 
7.117882118 3.486728235e+10 110172485.3 100160 
7.125874126 3.52204105e+10 111415854.2 99931 
7.133866134 3.475538811e+10 109896343.1 100019 
7.141858142 3.52372761e+10 111147098.2 100511 
7.14985015 3.522402494e+10 111569680 99675 
7.157842158 3.512834138e+10 111132537 99916 
7.165834166 3.497999586e+10 110506642.1 100199 
7.173826174 3.490863977e+10 110305156 100156 
7.181818182 3.461354596e+10 109292566.5 100303 
7.18981019 3.477003937e+10 110040607.5 99841 
7.197802198 3.434231536e+10 108580950.8 100036 
7.205794206 3.455185747e+10 109183196.4 100146 
7.213786214 3.420842475e+10 107988778 100349 
7.221778222 3.400692849e+10 107406480.5 100248 
7.22977023 3.348487521e+10 106073994.5 99651 
7.237762238 3.330622288e+10 105413993.3 99831 
7.245754246 3.276657044e+10 103428784.1 100366 
7.253746254 3.275899848e+10 103626912 99935 
7.261738262 3.285848587e+10 103901957.2 100011 
7.26973027 3.296496024e+10 104135312.8 100212 
7.277722278 3.357351317e+10 106082915.9 100165 
7.285714286 3.255967591e+10 103202493.1 99539 
7.293706294 3.285863892e+10 104145925.5 99547 
7.301698302 3.20463223e+10 101414341.1 99856 
7.30969031 3.210575791e+10 101649002.9 99761 
7.317682318 3.213180197e+10 101448577.8 100318 
7.325674326 3.22083092e+10 101728207.5 100243 
7.333666334 3.239728955e+10 102435496.1 100029 
7.341658342 3.286036223e+10 103908833.3 100012 
7.34965035 3.17578693e+10 100612865.1 99639 
7.357642358 3.149035233e+10 99381005.53 100404 
7.365634366 3.184347203e+10 100600241.5 100197 
7.373626374 3.224926718e+10 101980937.1 100001 
7.381618382 3.189120111e+10 100882346.8 99936 
7.38961039 3.145343033e+10 99597923.58 99735 
7.397602398 3.22502449e+10 102061138.9 99852 
7.405594406 3.167723911e+10 100259699 99829 
7.413586414 3.134590574e+10 99149908.87 99949 
7.421578422 3.115037632e+10 98725067.45 99557 
7.42957043 3.106980417e+10 98513751.33 99468 
7.437562438 3.125395135e+10 98704118.37 100263 
7.445554446 3.120305335e+10 98619819.1 100116 
7.453546454 3.237014944e+10 102139567.4 100454 
7.461538462 3.022117405e+10 95661479.88 99824 
7.46953047 3.054805256e+10 96565173.05 100077 
7.477522478 3.076545556e+10 97121400.93 100346 
7.485514486 3.099772075e+10 97957461.83 100136 
7.493506494 3.016708693e+10 95539306.45 99709 
7.501498501 2.956511536e+10 93596944.99 99782 
7.509490509 3.034715712e+10 96092004.42 99742 
7.517482517 2.967421285e+10 94013988.08 99629 
7.525474525 2.979577517e+10 94484480.63 99448 
7.533466533 3.04140689e+10 95960992.91 100454 
7.541458541 2.959564708e+10 93675396.54 99819 
7.549450549 2.972584459e+10 93896055.48 100227 
7.557442557 2.878658934e+10 91149974.54 99744 
7.565434565 2.899065838e+10 91264275.6 100908 
7.573426573 2.936336406e+10 92999390.97 99693 
7.581418581 2.966370472e+10 93654311.08 100322 
7.589410589 2.930234204e+10 92739280.78 99834 
7.597402597 2.90432021e+10 91928156.67 99822 
7.605394605 2.823365331e+10 89248165.05 100090 
7.613386613 2.960974722e+10 93713663.6 99842 
7.621378621 2.878638407e+10 91168379.5 99703 
7.629370629 2.915616733e+10 92226507.33 99944 
7.637362637 2.919805154e+10 92603637.39 99415 
7.645354645 2.92256346e+10 92521362.35 99781 
7.653346653 2.887969398e+10 91254682.22 100158 
7.661338661 2.844819438e+10 89873549.86 100196 
7.669330669 2.834165652e+10 89586439 100086 
7.677322677 2.850417017e+10 90416463.17 99392 
7.685314685 2.765364073e+10 87446209.79 100014 
7.693306693 2.866884869e+10 90654654.94 100016 
7.701298701 2.817755981e+10 89124448.25 99962 
7.709290709 2.769998562e+10 87694173.58 99775 
7.717282717 2.815075993e+10 89029446.26 99981 
7.725274725 2.799185396e+10 88555951.26 99918 
7.733266733 2.724111001e+10 86233101.45 99796 
7.741258741 2.723019119e+10 86263699.28 99643 
7.749250749 2.7607271e+10 87113940.64 100432 
7.757242757 2.754387722e+10 87103761.95 99995 
7.765234765 2.787086449e+10 88129854.02 100014 
7.773226773 2.812388834e+10 88889266.59 100105 
7.781218781 2.747466575e+10 86981638.18 99780 
7.789210789 2.660497171e+10 84051446.71 100205 
7.797202797 2.591687056e+10 81929815.3 100074 
7.805194805 2.72592609e+10 86154539.84 100123 
7.813186813 2.725147902e+10 86283663.48 99767 
7.821178821 2.581819789e+10 81789782.25 99656 
7.829170829 2.672763474e+10 84329780.48 100457 
7.837162837 2.633288669e+10 83072386.02 100483 
7.845154845 2.663624803e+10 84262578.41 99928 
7.853146853 2.685482071e+10 84919884.18 100006 
7.861138861 2.655578007e+10 84185871.68 99512 
7.869130869 2.571212285e+10 81327355.64 99961 
7.877122877 2.672463602e+10 84302367.86 100505 
7.885114885 2.686517043e+10 85042731.69 99800 
7.893106893 2.558304578e+10 81199916.55 99279 
7.901098901 2.537486862e+10 80192043.77 100134 
7.909090909 2.636731767e+10 83450505.94 99840 
7.917082917 2.575299811e+10 81522536.85 99797 
7.925074925 2.562923235e+10 81081859.66 99921 
7.933066933 2.45490244e+10 77803028.74 99564 
7.941058941 2.521779466e+10 79738141.26 100027 
7.949050949 2.58241871e+10 81570066.64 100230 
7.957042957 2.533663296e+10 80229913.95 99731 
7.965034965 2.551663694e+10 80436768.49 100635 
7.973026973 2.468470068e+10 78223675.24 99584 
7.981018981 2.537241006e+10 80263585.42 99943 
7.989010989 2.633662152e+10 83316080.35 99929 
7.997002997 2.514935519e+10 79701867.08 99588 
8.004995005 2.446708873e+10 77302814.06 100181 
8.012987013 2.493713033e+10 78698023.35 100410 
8.020979021 2.493472932e+10 78913408.92 99842 
8.028971029 2.433967607e+10 77174916.62 99470 
8.036963037 2.423518997e+10 76580096.63 100153 
8.044955045 2.443192606e+10 77277573.51 99957 
8.052947053 2.393642765e+10 75867438.31 99544 
8.060939061 2.377676156e+10 75424640 99376 
8.068931069 2.380475406e+10 75150334.3 100339 
8.076923077 2.421397872e+10 76482399.09 100236 
8.084915085 2.438416959e+10 77121584.55 99972 
8.092907093 2.357043398e+10 74767775.52 99385 
8.100899101 2.384894156e+10 75480283.18 99833 
8.108891109 2.355916544e+10 74582921.64 99782 
8.116883117 2.323011654e+10 73484580.64 99934 
8.124875125 2.341719936e+10 74189788.54 99638 
8.132867133 2.44015214e+10 77140623.27 100067 
8.140859141 2.377735867e+10 75132405.11 100160 
8.148851149 2.364627766e+10 74893186.38 99688 
8.156843157 2.378395125e+10 75222625.7 99973 
8.164835165 2.332582079e+10 73672523.03 100248 
8.172827173 2.377680883e+10 75134542.86 100147 
8.180819181 2.359485916e+10 74473871.37 100378 
8.188811189 2.396805708e+10 75880960.48 99773 
8.196803197 2.350259879e+10 74292944.98 100081 
8.204795205 2.327679867e+10 73620620.02 99969 
8.212787213 2.25492854e+10 71384930.66 99786 
8.220779221 2.257924757e+10 71477095.48 99791 
8.228771229 2.290761333e+10 72453250.41 99965 
8.236763237 2.261072095e+10 71513491.22 99967 
8.244755245 2.276974947e+10 71892280.22 100312 
8.252747253 2.260405829e+10 71398022.01 100231 
8.260739261 2.243322622e+10 70925934.15 100041 
8.268731269 2.20909274e+10 69941836.47 99760 
8.276723277 2.226993003e+10 70486589.22 99822 
8.284715285 2.223571851e+10 70430824.33 99673 
8.292707293 2.248907192e+10 71041483.59 100212 
8.300699301 2.232201205e+10 70476492.73 100322 
8.308691309 2.166520816e+10 68437754.36 100220 
8.316683317 2.152575173e+10 68002195.18 100204 
8.324675325 2.218942648e+10 70141593.23 100087 
8.332667333 2.257561245e+10 71496946.91 99703 
8.340659341 2.251983276e+10 71170338.49 100123 
8.348651349 2.24562607e+10 71182557.58 99525 
8.356643357 2.216177147e+10 70029542.58 100153 
8.364635365 2.183139246e+10 68996570.25 100118 
8.372627373 2.204105419e+10 69744635.61 99873 
8.380619381 2.183056832e+10 68993355.55 100120 
8.388611389 2.207002857e+10 69806928.01 99957 
8.396603397 2.182287036e+10 68994494.25 100046 
8.404595405 2.176110814e+10 68759035.58 100162 
8.412587413 2.152811865e+10 68096688.41 99948 
8.420579421 2.113630282e+10 66773756 100197 
8.428571429 2.147197084e+10 67973432.91 99790 
8.436563437 2.182183898e+10 68987837.07 100058 
8.444555445 2.109390614e+10 66819028.32 99663 
8.452547453 2.104766022e+10 66690778.48 99604 
8.460539461 2.119291876e+10 66990196.96 100083 
8.468531469 2.112500682e+10 66727132.19 100230 
8.476523477 2.136881997e+10 67681050.91 99689 
8.484515485 2.074779901e+10 65541907.78 100215 
8.492507493 2.072261667e+10 65669934.96 99579 
8.5004995 2.114803052e+10 66920091.13 99869 
8.508491508 2.108115112e+10 66560434.86 100314 
8.516483516 2.061539888e+10 65285092.88 99722 
8.524475524 1.996235267e+10 63156547.22 99909 
8.532467532 2.022892281e+10 64070408.54 99687 
8.54045954 1.995394223e+10 63163052.53 99802 
8.548451548 2.000368403e+10 63162228.03 100302 
8.556443556 2.025625928e+10 64134930.25 99757 
8.564435564 2.05937495e+10 65079988.65 100134 
8.572427572 2.013728068e+10 63761948.84 99744 
8.58041958 2.016806245e+10 63734339.3 100134 
8.588411588 1.994850466e+10 63110323.66 99918 
8.596403596 1.945284279e+10 61544246.45 99913 
8.604395604 2.018539826e+10 63882161.09 99849 
8.612387612 1.987675848e+10 62728665.52 100410 
8.62037962 1.951810864e+10 61860110.05 99555 
8.628371628 1.930315523e+10 60984179.64 100191 
8.636363636 1.960714535e+10 61991986.18 100039 
8.644355644 1.991680414e+10 62814468.76 100536 
8.652347652 1.982944907e+10 62795465.26 99716 
8.66033966 1.975273453e+10 62426551.03 100126 
8.668331668 1.907238137e+10 60404607.46 99702 
8.676323676 1.988857799e+10 62891943.7 100011 
8.684315684 1.944552564e+10 61535431.55 99870 
8.692307692 1.877038775e+10 59498343.19 99529 
8.7002997 1.904810436e+10 60263295.23 99918 
8.708291708 1.971361696e+10 62386762.68 99857 
8.716283716 1.902878094e+10 60121654 100184 
8.724275724 1.906813428e+10 60117866.25 100603 
8.732267732 1.880608505e+10 59403457.82 100225 
8.74025974 1.885483974e+10 59594530.93 100106 
8.748251748 1.941609163e+10 61418557.44 99941 
8.756243756 1.893965537e+10 59844022.07 100167 
8.764235764 1.877567422e+10 59383066.41 99970 
8.772227772 1.846708131e+10 58448155.45 99830 
8.78021978 1.837746874e+10 58057530.24 100198 
8.788211788 1.813104127e+10 57332388.68 100011 
8.796203796 1.846544714e+10 58300337.27 100327 
8.804195804 1.906718009e+10 60220364.58 100255 
8.812187812 1.861396276e+10 58769339.79 100321 
8.82017982 1.872446745e+10 59322344.35 99630 
8.828171828 1.859550658e+10 58668671.28 100464 
8.836163836 1.8648992e+10 59123978.65 99492 
8.844155844 1.849685048e+10 58473732.9 100066 
8.852147852 1.816786717e+10 57512738.34 99789 
8.86013986 1.817095963e+10 57512835.02 99822 
8.868131868 1.824409701e+10 57731159.08 99869 
8.876123876 1.846658603e+10 58519799.27 99580 
8.884115884 1.82149267e+10 57772441.64 99407 
8.892107892 1.839970633e+10 58236612.2 99824 
8.9000999 1.862648516e+10 58764959.56 100473 
8.908091908 1.785854529e+10 56564050.88 99686 
8.916083916 1.835728432e+10 57921129.83 100451 
8.924075924 1.794178849e+10 56653333.61 100310 
8.932067932 1.716163798e+10 54270616.39 100003 
8.94005994 1.763025592e+10 55705740.01 100173 
8.948051948 1.785072252e+10 56528713.5 99719 
8.956043956 1.763574113e+10 55761951.35 100027 
8.964035964 1.759549167e+10 55651890.25 99964 
8.972027972 1.755581821e+10 55458535.31 100209 
8.98001998 1.75905608e+10 55621869.25 100019 
8.988011988 1.708789676e+10 54044663.16 99974 
8.996003996 8573714413 38331001.08 50031 
