# Format: McCode with text headers
# URL: http://www.mccode.org
# Creator: 
# Instrument: BOA_beamline_monitors_Synthetic.instr
# Ncount: 25000000
# Trace: no
# Gravitation: no
# Seed: 1672844885876744
# Directory: BOA_Source_gen/1
# Nodes: 8
# Param: BASEdir=BOA_1-9AA_1e8/1/
# Param: Lmin=1
# Param: Lmax=9
# Param: trompete_exit_slit_width=0.04
# Param: trompete_exit_slit_height=0.04
# Date: Wed Jan  4 16:08:30 2023 (1672844910)
# type: array_1d(1001)
# Source: BOA_RNR51 (BOA_beamline_monitors_Synthetic.instr)
# component: Brill
# position: 0 0 8.62863
# title: Peak brilliance
# Ncount: 200000000
# filename: Peak_Brilliance.dat
# statistics: X0=4.36387; dX=1.81382;
# signal: Min=3.05587e+11; Max=8.66948e+12; Mean=4.41037e+12;
# values: 4.41478e+15 8.28478e+07 9.95724e+07
# xvar: Peak
# yvar: (I,I_err)
# xlabel: Wavelength [AA]
# ylabel: Peak Brilliance
# xlimits: 1 9
# variables: Peak I I_err N
1.003996004 3.055873349e+11 6003603.789 50475 
1.011988012 5.857675371e+11 5799693.36 99286 
1.01998002 6.015741891e+11 5936845.684 99643 
1.027972028 7.312699652e+11 7249300.502 99500 
1.035964036 9.622083138e+11 9533970.356 99873 
1.043956044 1.023166309e+12 10155248.58 99768 
1.051948052 9.445609919e+11 9266805.885 100827 
1.05994006 7.123569906e+11 7031646.749 99879 
1.067932068 6.431822699e+11 6311844.301 100295 
1.075924076 1.315100365e+12 12980816.08 100530 
1.083916084 1.265148349e+12 12534081.8 100134 
1.091908092 1.331020387e+12 13204528.95 100040 
1.0999001 1.514021732e+12 15055980.22 99895 
1.107892108 1.324957157e+12 13153664.29 99967 
1.115884116 1.031546609e+12 10180659.9 100331 
1.123876124 1.134974717e+12 11237461.96 100104 
1.131868132 1.457325033e+12 14510344.55 99746 
1.13986014 1.27108e+12 12584255.02 100205 
1.147852148 1.381183882e+12 13731466.71 99857 
1.155844156 1.392026753e+12 13831762.73 99916 
1.163836164 1.213515733e+12 12019891.52 100122 
1.171828172 1.43371081e+12 14270547.36 99767 
1.17982018 1.886007201e+12 18768056.03 99957 
1.187812188 1.800604599e+12 17963801.64 99681 
1.195804196 1.414827337e+12 14069250.89 99851 
1.203796204 1.618945883e+12 16126291.69 99773 
1.211788212 1.579279481e+12 15736222.86 99726 
1.21978022 1.915958631e+12 19097050.37 99805 
1.227772228 2.033460466e+12 20103893.48 100643 
1.235764236 1.689113433e+12 16904842.77 99334 
1.243756244 1.808310521e+12 17980917.05 100011 
1.251748252 1.92872741e+12 19143390.29 100226 
1.25974026 2.037521126e+12 20331118.2 99727 
1.267732268 1.662859129e+12 16485152.83 100259 
1.275724276 1.727198346e+12 17301644.06 99258 
1.283716284 2.310360373e+12 23084767.44 99651 
1.291708292 1.892163415e+12 18805876.76 100082 
1.2997003 1.647424547e+12 16409069.42 99789 
1.307692308 1.945176066e+12 19474370.24 99376 
1.315684316 2.210993625e+12 21972124.49 100170 
1.323676324 2.057122802e+12 20494679.16 99886 
1.331668332 1.68375648e+12 16817847.97 99527 
1.33966034 2.577979359e+12 25731591.89 99800 
1.347652348 2.357104058e+12 23313861.3 100668 
1.355644356 2.00261173e+12 19921539.02 100022 
1.363636364 2.076555455e+12 20680659.54 99927 
1.371628372 2.000555445e+12 24848815.05 80250 
1.37962038 2.58333786e+12 25582476.7 100585 
1.387612388 2.408409036e+12 23905173.68 100327 
1.395604396 2.777977692e+12 27600222.75 100286 
1.403596404 2.986393654e+12 29628490.21 100454 
1.411588412 2.65713546e+12 26268536.34 100766 
1.41958042 2.477713809e+12 24616998.86 100242 
1.427572428 2.581381614e+12 25742027.94 99891 
1.435564436 2.462869134e+12 24405819.89 100499 
1.443556444 3.149469206e+12 31362810.43 100101 
1.451548452 2.962416974e+12 29409259.35 100388 
1.45954046 2.878832591e+12 28619989.13 100237 
1.467532468 3.384053634e+12 33706988.08 100099 
1.475524476 3.011936006e+12 30059892.77 99866 
1.483516484 3.179677694e+12 31769349.38 99773 
1.491508492 3.00108783e+12 29810920.47 100333 
1.4995005 3.438605411e+12 34203165.67 100241 
1.507492507 3.340928268e+12 33455026.82 99567 
1.515484515 3.181542369e+12 31711276.05 100013 
1.523476523 2.679796843e+12 26803500.24 99609 
1.531468531 2.78456861e+12 27679567.44 100237 
1.539460539 2.51731271e+12 25233028.63 99371 
1.547452547 2.394887517e+12 23933737.64 99648 
1.555444555 2.51410625e+12 25018038.69 100091 
1.563436563 2.820129405e+12 28074677.54 100094 
1.571428571 3.109304306e+12 31124916.19 99579 
1.579420579 3.489642299e+12 34971255.66 99503 
1.587412587 3.728998858e+12 36953364.45 100637 
1.595404595 3.775415273e+12 37699688.56 99880 
1.603396603 3.903175497e+12 38780572.31 100388 
1.611388611 3.047934742e+12 30466736.43 99715 
1.619380619 2.824878243e+12 28164062.57 99946 
1.627372627 3.182535252e+12 31503104.28 100701 
1.635364635 3.469990499e+12 34623962.48 99931 
1.643356643 3.405296724e+12 33985124.39 99906 
1.651348651 3.317001175e+12 33084338.49 99957 
1.659340659 4.007216858e+12 39891257.18 100202 
1.667332667 3.314797537e+12 32930702.63 100354 
1.675324675 3.463222854e+12 34632575.57 99712 
1.683316683 3.783441224e+12 37680676.62 100142 
1.691308691 3.545218437e+12 35472079.24 99664 
1.699300699 3.645865441e+12 36266799.86 100252 
1.707292707 3.955594576e+12 39513601.85 99855 
1.715284715 4.319783434e+12 42822153.32 100641 
1.723276723 3.966755474e+12 39407212.5 100405 
1.731268731 3.594604366e+12 35774133.25 100200 
1.739260739 4.096609975e+12 40868645.89 99994 
1.747252747 4.109668307e+12 41135655.1 99664 
1.755244755 4.044955452e+12 40256176.43 100231 
1.763236763 3.510832695e+12 34948604.98 100170 
1.771228771 3.800397633e+12 37851521.65 100138 
1.779220779 3.983292762e+12 39679958.99 100133 
1.787212787 3.655310387e+12 36293666.52 100437 
1.795204795 3.419315548e+12 34059946.31 100097 
1.803196803 3.902775366e+12 38893807.55 100087 
1.811188811 4.025036928e+12 40284856.44 99668 
1.819180819 4.001658604e+12 40112580.55 99514 
1.827172827 4.026028961e+12 40044860.32 100287 
1.835164835 3.598537308e+12 40293655.15 89111 
1.843156843 4.179127243e+12 41757234.65 99843 
1.851148851 4.374834098e+12 43619523.3 100066 
1.859140859 4.366407338e+12 43566802.47 99994 
1.867132867 4.439455184e+12 44038952.04 100578 
1.875124875 4.44131303e+12 44364042.68 99886 
1.883116883 4.176289029e+12 41640384.39 100054 
1.891108891 4.933760045e+12 49267920.88 99939 
1.899100899 4.404267e+12 44159695.75 99511 
1.907092907 4.106097105e+12 41175795.06 99481 
1.915084915 4.264584807e+12 42768089.15 99483 
1.923076923 4.284625249e+12 42764394.57 99958 
1.931068931 4.481714176e+12 44697947.1 100043 
1.939060939 4.211621808e+12 41998163.64 100043 
1.947052947 4.136442255e+12 41201162.63 100153 
1.955044955 4.905277923e+12 48931303.78 100044 
1.963036963 4.493470445e+12 44551976.35 100632 
1.971028971 4.295369351e+12 42797892.79 100130 
1.979020979 4.438053322e+12 44424333.19 99678 
1.987012987 4.464409068e+12 44499947.44 100099 
1.995004995 4.806129886e+12 47889299.25 100150 
2.002997003 4.260879322e+12 42710999.95 99529 
2.010989011 4.308822148e+12 43016843.63 99934 
2.018981019 5.093704026e+12 51018510.66 99646 
2.026973027 5.275409906e+12 52665898.01 99978 
2.034965035 4.755988892e+12 47635578.51 99633 
2.042957043 4.316511453e+12 42903571.39 100375 
2.050949051 5.282207867e+12 52371063.95 100668 
2.058941059 5.269959234e+12 52485431.02 100217 
2.066933067 4.746007152e+12 47107573.92 100534 
2.074925075 4.53600078e+12 45499590.23 99476 
2.082917083 4.885836349e+12 48684687.64 100151 
2.090909091 4.586483495e+12 45817875.72 99885 
2.098901099 4.810538025e+12 48183083.1 99633 
2.106893107 5.066612288e+12 50848575.98 99447 
2.114885115 4.893658545e+12 48715902.75 100247 
2.122877123 5.065735197e+12 50542282.97 100030 
2.130869131 5.2169197e+12 51978048.3 100175 
2.138861139 5.073436266e+12 50541151.83 100184 
2.146853147 5.235236077e+12 52337111.87 99839 
2.154845155 4.825346994e+12 48437651.17 99416 
2.162837163 5.181752637e+12 51823817.77 99796 
2.170829171 4.874756496e+12 48848806.53 99590 
2.178821179 5.223172942e+12 52267260.7 99742 
2.186813187 4.904295257e+12 49181112.92 99518 
2.194805195 4.41521023e+12 44222347.76 99617 
2.202797203 4.851032808e+12 48145526.75 100548 
2.210789211 4.877185513e+12 48693020.02 99957 
2.218781219 5.059670218e+12 50332117.76 100326 
2.226773227 5.133455853e+12 51359492.07 99758 
2.234765235 5.059408085e+12 50526192.17 99937 
2.242757243 5.180860401e+12 51789350.12 99845 
2.250749251 5.253558514e+12 52303441.03 100252 
2.258741259 5.474904093e+12 54506436.53 100261 
2.266733267 5.585989302e+12 55935225.07 99688 
2.274725275 5.555686654e+12 55391454.86 100118 
2.282717283 5.631802395e+12 55949814.65 100478 
2.290709291 3.392882193e+12 58249244.72 58190 
2.298701299 5.322941317e+12 53286837.04 99706 
2.306693307 5.170590441e+12 51457804.97 100287 
2.314685315 5.846997141e+12 58493434.71 99790 
2.322677323 5.900045981e+12 58848705.93 100088 
2.330669331 5.796364371e+12 57888243.94 99958 
2.338661339 5.585947521e+12 55697058.79 100112 
2.346653347 5.607907592e+12 55873846.12 100188 
2.354645355 5.474069241e+12 54528678.59 100205 
2.362637363 5.819623344e+12 58064392.06 100055 
2.370629371 5.187396995e+12 51448737.15 100630 
2.378621379 4.885811217e+12 48631289.68 100260 
2.386613387 5.354341392e+12 53875105.67 99202 
2.394605395 5.983331692e+12 59720349.26 100022 
2.402597403 5.48436869e+12 54876052.77 99760 
2.410589411 5.429371629e+12 54127614.38 100122 
2.418581419 5.254938919e+12 52314591.29 100257 
2.426573427 5.271204347e+12 52461596.66 100286 
2.434565435 5.597108864e+12 55684620.62 100334 
2.442557443 5.475628123e+12 54774108.54 99786 
2.450549451 6.175682666e+12 61320530.09 100547 
2.458541459 5.739376169e+12 57295685.78 99997 
2.466533467 5.337625011e+12 53227268.88 100092 
2.474525475 5.711412135e+12 57056689.09 99926 
2.482517483 5.38400234e+12 53680391 100111 
2.490509491 5.420421749e+12 54318654.88 99607 
2.498501499 6.111181917e+12 61057986.19 99925 
2.506493506 6.219274709e+12 62348802.55 99591 
2.514485514 6.22137352e+12 62107734.44 100010 
2.522477522 6.232405227e+12 62038808.6 100298 
2.53046953 6.301988118e+12 62790983.08 100205 
2.538461538 6.150305441e+12 61445816 99931 
2.546453546 6.215047224e+12 61897938.82 100246 
2.554445554 6.031725093e+12 60251322.05 99944 
2.562437562 5.700421905e+12 57081990.89 99690 
2.57042957 5.817393809e+12 58227222.67 99738 
2.578421578 5.878340417e+12 58498123.31 100316 
2.586413586 6.516785958e+12 65001601.69 100102 
2.594405594 6.558763135e+12 65043564.8 100681 
2.602397602 6.350032082e+12 63293254 100169 
2.61038961 6.019031058e+12 60117067.6 99956 
2.618381618 6.43669582e+12 64204728.44 100097 
2.626373626 6.542711719e+12 65276949.49 100077 
2.634365634 6.58069627e+12 65940692.77 99647 
2.642357642 7.139201888e+12 71417636.88 99825 
2.65034965 6.855674776e+12 68413104.18 100064 
2.658341658 6.255158574e+12 62153761.64 100478 
2.666333666 6.277500069e+12 62556622.72 100189 
2.674325674 6.771392606e+12 67705863.78 99865 
2.682317682 6.725615943e+12 67460895.62 99550 
2.69030969 6.84316254e+12 68482997.39 99780 
2.698301698 6.533765428e+12 65354591.82 99822 
2.706293706 6.820485868e+12 68030071.89 100110 
2.714285714 6.553653479e+12 65753362.45 99520 
2.722277722 7.093481211e+12 70891969.72 99920 
2.73026973 6.702757634e+12 66795852.8 100197 
2.738261738 6.425191769e+12 64132217.32 100031 
2.746253746 5.166906565e+12 71071859.53 72626 
2.754245754 7.073386361e+12 71001546.6 99484 
2.762237762 7.395741917e+12 73987549.79 99825 
2.77022977 7.143013606e+12 71157734.77 100242 
2.778221778 6.924580746e+12 69169666.77 99966 
2.786213786 7.267980776e+12 72427582.06 100210 
2.794205794 7.477258449e+12 74052867.12 100835 
2.802197802 7.211772753e+12 71919213.81 100137 
2.81018981 7.030648774e+12 70125189.47 100116 
2.818181818 7.18390333e+12 71656686.25 100115 
2.826173826 6.944882949e+12 69402698.64 99923 
2.834165834 6.894521095e+12 68383222.79 100674 
2.842157842 6.899641029e+12 68967925.71 99897 
2.85014985 7.293911506e+12 73195378.95 99515 
2.858141858 7.376892769e+12 73451217.79 100296 
2.866133866 7.259459372e+12 72488345.22 100009 
2.874125874 7.265198892e+12 72267481.5 100393 
2.882117882 7.448066776e+12 74517706.68 99817 
2.89010989 7.440794388e+12 74445596.87 99816 
2.898101898 7.512783755e+12 75309040.69 99628 
2.906093906 7.088584722e+12 70957621.34 99759 
2.914085914 7.11916862e+12 70793085.97 100421 
2.922077922 6.908806171e+12 69023638.53 99949 
2.93006993 7.346937819e+12 73118922.82 100342 
2.938061938 7.365416575e+12 73491826.88 100085 
2.946053946 7.953743857e+12 79734330.22 99629 
2.954045954 7.840277474e+12 78349446.92 99941 
2.962037962 7.175645876e+12 72032356.13 99480 
2.97002997 7.159470315e+12 71479221.12 100022 
2.978021978 7.357220118e+12 73334254.53 100188 
2.986013986 7.787654435e+12 77387374.56 100502 
2.994005994 7.228002705e+12 72460790.31 99614 
3.001998002 7.676875767e+12 76555476.52 100148 
3.00999001 8.070690938e+12 80727833.61 99851 
3.017982018 8.042824696e+12 79987783.7 100425 
3.025974026 7.981420307e+12 79593251.96 100152 
3.033966034 7.530908927e+12 74939643.92 100359 
3.041958042 7.758915786e+12 77838312.93 99553 
3.04995005 7.626379869e+12 76117559.72 100061 
3.057942058 7.748764402e+12 77221508.26 100215 
3.065934066 7.905629062e+12 78721433.39 100298 
3.073926074 7.865787168e+12 78609427.33 99935 
3.081918082 7.634285278e+12 76212603.1 100040 
3.08991009 7.594235024e+12 75728011.03 100151 
3.097902098 7.942326959e+12 78957888.59 100462 
3.105894106 8.326094886e+12 82827529.62 100402 
3.113886114 8.076875936e+12 80853904.59 99772 
3.121878122 7.775198651e+12 77465910.07 100240 
3.12987013 7.606584018e+12 75876383.17 100118 
3.137862138 7.94338598e+12 79664834.84 99586 
3.145854146 7.499009675e+12 75098228.56 99724 
3.153846154 7.471325837e+12 74794301.66 99759 
3.161838162 7.789662585e+12 78319892.93 99334 
3.16983017 8.027103481e+12 79542987.22 100788 
3.177822178 7.700839028e+12 77105840.71 99745 
3.185814186 7.694430171e+12 77220887.15 99514 
3.193806194 7.870981544e+12 78738815.95 99837 
3.201798202 8.067801145e+12 80250111.51 100408 
3.20979021 8.048122709e+12 82882272.26 96990 
3.217782218 8.356734435e+12 83726195.55 99692 
3.225774226 8.080091641e+12 80467320 100290 
3.233766234 7.908197854e+12 78910319.09 100091 
3.241758242 7.918089687e+12 79644129.77 99295 
3.24975025 7.994485754e+12 79650357.09 100244 
3.257742258 8.044856036e+12 80667518.92 99606 
3.265734266 8.013102491e+12 80356004.29 99597 
3.273726274 7.952402899e+12 79498483.27 99907 
3.281718282 8.23482395e+12 82127567.25 100147 
3.28971029 8.214731791e+12 81965500.95 100100 
3.297702298 8.251456187e+12 82359597.87 100067 
3.305694306 8.041902829e+12 80488006.5 99791 
3.313686314 8.331636913e+12 83236750.1 99976 
3.321678322 8.187548964e+12 81457369.56 100390 
3.32967033 8.358770495e+12 83422000.54 100079 
3.337662338 8.315083867e+12 83138699.94 99895 
3.345654346 8.039368496e+12 80111714.57 100227 
3.353646354 7.754263546e+12 77099742.41 100444 
3.361638362 8.243046901e+12 82223668.15 100130 
3.36963037 8.176799908e+12 81494335.42 100213 
3.377622378 8.059349126e+12 80373775.49 100149 
3.385614386 8.147565828e+12 81136870.53 100294 
3.393606394 8.545842896e+12 85360508.4 99998 
3.401598402 8.263532874e+12 82731399.94 99764 
3.40959041 8.572612061e+12 86234992.42 99296 
3.417582418 8.66947912e+12 86838876.36 99720 
3.425574426 8.091028355e+12 80881978.37 99912 
3.433566434 8.128617391e+12 80916397.37 100333 
3.441558442 8.053184187e+12 80250362.07 100226 
3.44955045 8.347721512e+12 83105991.3 100326 
3.457542458 8.131748862e+12 81353212.28 99834 
3.465534466 8.187290049e+12 81583508.42 100232 
3.473526474 8.070165826e+12 80597151.37 100006 
3.481518482 7.869108495e+12 78628463.95 99953 
3.48951049 8.378565316e+12 84027132.76 99595 
3.497502498 8.58467302e+12 85724760.01 100026 
3.505494505 8.005240098e+12 79487356.83 100584 
3.513486513 7.631247703e+12 76451947.6 99688 
3.521478521 7.973378406e+12 79706835.17 99909 
3.529470529 8.060496896e+12 80449660.62 100069 
3.537462537 7.794873749e+12 77781218.21 100087 
3.545454545 8.045158935e+12 80497993.1 99819 
3.553446553 7.941847419e+12 78773878.74 100690 
3.561438561 7.818322976e+12 78055383.96 100036 
3.569430569 8.659449851e+12 86812469.78 99635 
3.577422577 8.067751878e+12 80402949.33 100217 
3.585414585 8.312075373e+12 82976193.09 100054 
3.593406593 8.0912455e+12 81213351.67 99508 
3.601398601 8.044306994e+12 80435334.32 99886 
3.609390609 8.220682528e+12 82323387.22 99738 
3.617382617 8.319880469e+12 83181708.46 99901 
3.625374625 8.218892225e+12 82146915.04 99930 
3.633366633 8.278508182e+12 82794988.85 99868 
3.641358641 8.250512588e+12 82240594.33 100200 
3.649350649 7.986273882e+12 79768672.81 99993 
3.657342657 7.976982547e+12 79843857.17 99783 
3.665334665 5.435760046e+12 82769398.63 65622 
3.673326673 8.490061509e+12 84754254.9 100055 
3.681318681 8.088727033e+12 81045975.64 99682 
3.689310689 8.138767085e+12 81153780.69 100165 
3.697302697 8.056885522e+12 80449033.01 100025 
3.705294705 8.122317554e+12 81202480.47 99903 
3.713286713 8.416799762e+12 84308363.31 99716 
3.721278721 8.194854201e+12 82014141.5 99799 
3.729270729 7.964653619e+12 79352760.15 100244 
3.737262737 8.075764684e+12 80663648.64 99993 
3.745254745 7.832126234e+12 78508088 99636 
3.753246753 8.028730083e+12 80267302.59 99901 
3.761238761 7.616649209e+12 76773420.18 99082 
3.769230769 7.823984727e+12 78075987.08 100082 
3.777222777 8.202190002e+12 81928818.95 99992 
3.785214785 8.24962123e+12 83004790.07 99269 
3.793206793 8.048640243e+12 80619503.39 99712 
3.801198801 8.194528347e+12 81759573.26 100105 
3.809190809 8.374635991e+12 84095169.34 99468 
3.817182817 8.422454361e+12 84497575.09 99560 
3.825174825 7.998403253e+12 80353999.57 99417 
3.833166833 7.922583663e+12 79360874.7 99705 
3.841158841 7.987614071e+12 79365119.22 100517 
3.849150849 8.14497832e+12 81519288.34 99793 
3.857142857 7.96312421e+12 79313706.8 100274 
3.865134865 7.86022228e+12 78273406.52 100292 
3.873126873 7.734813045e+12 77244579.7 100005 
3.881118881 7.957913619e+12 79260950.52 100275 
3.889110889 8.236359884e+12 81820213.55 100541 
3.897102897 8.069396785e+12 80266804.58 100407 
3.905094905 8.072795904e+12 80412256.86 100268 
3.913086913 7.741103844e+12 77029469.07 100365 
3.921078921 7.656184445e+12 76396287.93 100086 
3.929070929 7.66916115e+12 76459307.16 100173 
3.937062937 7.931847785e+12 79128375.61 100114 
3.945054945 7.92424282e+12 79092805.82 100063 
3.953046953 8.008240482e+12 80332253.14 99566 
3.961038961 7.745005119e+12 77736941.28 99504 
3.969030969 7.645045954e+12 76232304.49 100155 
3.977022977 7.512370146e+12 74945106.79 100105 
3.985014985 7.55465751e+12 75277060.72 100225 
3.993006993 7.912911705e+12 79154830.34 99842 
4.000999001 7.815859009e+12 77940142.1 100152 
4.008991009 7.676541072e+12 76594309.44 100093 
4.016983017 7.936992203e+12 79500591.06 99711 
4.024975025 8.337206476e+12 83508480.05 99718 
4.032967033 7.843547067e+12 78058758.97 100354 
4.040959041 7.660204912e+12 76664551.4 99789 
4.048951049 7.712524653e+12 76501685.16 100683 
4.056943057 7.353837461e+12 73429838.06 100012 
4.064935065 7.550893345e+12 75485687.28 99899 
4.072927073 7.896474304e+12 78595589.66 100342 
4.080919081 7.466269007e+12 74273290.72 100389 
4.088911089 7.63406363e+12 76234072.8 100009 
4.096903097 7.715090443e+12 76794061.36 100334 
4.104895105 7.696564136e+12 76809743.01 100073 
4.112887113 7.581733737e+12 75784516.79 99912 
4.120879121 4.929477828e+12 75468949.65 65262 
4.128871129 7.760095061e+12 77272726.28 100295 
4.136863137 7.704826906e+12 76674910.57 100356 
4.144855145 7.648730485e+12 76364651.74 100030 
4.152847153 7.582354027e+12 75840956.69 99846 
4.160839161 7.673104384e+12 76776077.64 99812 
4.168831169 7.541792104e+12 75114878.61 100270 
4.176823177 7.332780895e+12 72976376.68 100344 
4.184815185 7.326149964e+12 73114875.14 100064 
4.192807193 7.420651929e+12 74255734.7 99800 
4.200799201 7.473162573e+12 74714338.25 99890 
4.208791209 7.69801383e+12 76924418.92 99943 
4.216783217 7.570353604e+12 75389172.04 100284 
4.224775225 7.401730434e+12 73950232.65 99956 
4.232767233 7.33805745e+12 73302188.49 99971 
4.240759241 7.367021571e+12 73840765.4 99635 
4.248751249 7.465737277e+12 74552445.78 100007 
4.256743257 7.358697689e+12 73690476.1 99725 
4.264735265 7.337233495e+12 73120125.45 100208 
4.272727273 7.101027199e+12 70797668.47 100159 
4.280719281 7.263430261e+12 72490981.34 100060 
4.288711289 7.266074762e+12 72483269.62 100107 
4.296703297 7.101677046e+12 71106016.47 99735 
4.304695305 7.02690586e+12 70175672.05 99991 
4.312687313 6.800322252e+12 68150233.73 99639 
4.320679321 7.048147357e+12 70242277.07 100198 
4.328671329 7.271593663e+12 72347077.45 100371 
4.336663337 7.032409967e+12 70413625.09 99732 
4.344655345 7.225254762e+12 71840180.05 100434 
4.352647353 7.12404343e+12 71077994.44 100088 
4.360639361 7.248696469e+12 72165093.81 100307 
4.368631369 7.260718574e+12 72527843.29 99972 
4.376623377 7.065434704e+12 70306442.79 100352 
4.384615385 7.076381976e+12 70817501.03 99784 
4.392607393 6.874056084e+12 68698017.01 99917 
4.400599401 6.803404661e+12 68005246.69 99896 
4.408591409 6.854334735e+12 68722062.59 99596 
4.416583417 6.97282695e+12 69840770.38 99697 
4.424575425 7.155475582e+12 71160320.65 100413 
4.432567433 6.850907373e+12 68226641.15 100267 
4.440559441 6.867267701e+12 68550946.44 100032 
4.448551449 6.867967489e+12 68789674.5 99696 
4.456543457 6.994562286e+12 69771030.71 100107 
4.464535465 6.899022065e+12 68758091.4 100192 
4.472527473 6.765067462e+12 67582796.55 99953 
4.480519481 6.910858986e+12 69301464.52 99579 
4.488511489 6.801838137e+12 67944542.5 99962 
4.496503497 6.805094028e+12 67819247.51 100194 
4.504495504 6.861179176e+12 68729189.29 99685 
4.512487512 6.874788726e+12 68729495.08 99882 
4.52047952 6.833350424e+12 68125133.91 100159 
4.528471528 6.453495555e+12 64653107.57 99664 
4.536463536 6.702056905e+12 66937613.5 99975 
4.544455544 6.919438663e+12 69182081.81 99874 
4.552447552 6.814341603e+12 67951676.96 100135 
4.56043956 6.671070074e+12 66508226.85 100154 
4.568431568 6.777960681e+12 67967539.25 99578 
4.576423576 6.526328953e+12 67943659.13 95920 
4.584415584 6.418353217e+12 64245533.81 99749 
4.592407592 6.757009847e+12 67725081.75 99625 
4.6003996 6.565622347e+12 65568971.21 99981 
4.608391608 6.482036287e+12 64777790.15 99912 
4.616383616 6.801790514e+12 68332105.21 99396 
4.624375624 6.616040183e+12 66398979.9 99492 
4.632367632 6.650684895e+12 66368495.57 100058 
4.64035964 6.762562027e+12 66988365.45 100800 
4.648351648 6.824530169e+12 67898368.34 100363 
4.656343656 6.726724702e+12 66994815.45 100257 
4.664335664 6.595011667e+12 65843105.18 100011 
4.672327672 6.593480002e+12 65726931.77 100164 
4.68031968 6.506643636e+12 64956259.13 100016 
4.688311688 6.636648746e+12 66171830.51 100143 
4.696303696 6.381386489e+12 63650253.99 100100 
4.704295704 6.295894257e+12 63101623.5 99617 
4.712287712 6.318706303e+12 63238919.17 99761 
4.72027972 6.333829491e+12 63111274.7 100201 
4.728271728 6.532618609e+12 64884734.62 100525 
4.736263736 6.450623862e+12 64220948.04 100288 
4.744255744 6.381481142e+12 63993652.84 99566 
4.752247752 6.291996795e+12 62830287.4 99984 
4.76023976 6.281811529e+12 62637288.08 100129 
4.768231768 6.237399037e+12 62262977.99 100018 
4.776223776 6.264843717e+12 62353500.1 100312 
4.784215784 6.114838403e+12 61199035.96 99755 
4.792207792 6.139136052e+12 61498894.68 99664 
4.8001998 6.099128586e+12 60862198.02 100048 
4.808191808 5.872463573e+12 58654859.85 99949 
4.816183816 6.247623834e+12 62015612.47 100580 
4.824175824 6.199968527e+12 61982617.54 99867 
4.832167832 5.849718099e+12 58162764.86 100402 
4.84015984 5.797595578e+12 57937203.39 99895 
4.848151848 5.855542803e+12 58582606.11 99784 
4.856143856 5.92976774e+12 59212742.27 99975 
4.864135864 5.998376428e+12 59915841.91 99947 
4.872127872 5.918800575e+12 58893205.8 100330 
4.88011988 6.070217477e+12 60694956.34 99848 
4.888111888 6.267812058e+12 62335088.1 100389 
4.896103896 6.048652142e+12 60458317.98 99882 
4.904095904 5.940157796e+12 59387000.27 99857 
4.912087912 5.953774324e+12 59349226.79 100149 
4.92007992 5.933546757e+12 59242218.05 99989 
4.928071928 5.801559049e+12 57799213.64 100201 
4.936063936 5.871656268e+12 58161539.41 100780 
4.944055944 5.939333062e+12 59388885.74 99840 
4.952047952 5.933439457e+12 59514068.95 99532 
4.96003996 6.132463328e+12 61047848.78 100289 
4.968031968 5.877869813e+12 58670664.33 100014 
4.976023976 5.911363362e+12 59335933.87 99459 
4.984015984 5.83702708e+12 58452887.84 99689 
4.992007992 5.711083206e+12 57122809.76 99805 
5 5.902079515e+12 59203170.71 99525 
5.007992008 5.743473065e+12 57247608.55 100152 
5.015984016 5.662391606e+12 56724485.41 99648 
5.023976024 5.72908672e+12 57050227.99 100246 
5.031968032 5.730720542e+12 57230376.44 99960 
5.03996004 4.116178546e+12 56129868.47 73238 
5.047952048 5.742934305e+12 57561165.7 99599 
5.055944056 5.414764479e+12 54257484.82 99615 
5.063936064 5.722581273e+12 57299660.82 99698 
5.071928072 5.662949533e+12 56444721.26 100150 
5.07992008 5.482044895e+12 54511083.81 100383 
5.087912088 5.592614638e+12 55943677.13 99791 
5.095904096 5.579705748e+12 55419144.77 100500 
5.103896104 5.458263627e+12 54494849.91 99978 
5.111888112 5.550119644e+12 55420294.3 99966 
5.11988012 5.486106446e+12 54783240.5 99960 
5.127872128 5.423345683e+12 53922014.02 100391 
5.135864136 5.539474486e+12 55150463.85 100261 
5.143856144 5.60448387e+12 56077845.72 99764 
5.151848152 5.376053285e+12 53891137.14 99574 
5.15984016 5.291706697e+12 52765858.79 100097 
5.167832168 5.515522545e+12 54974853.48 100146 
5.175824176 5.434739427e+12 54188289.28 100109 
5.183816184 5.623223819e+12 56327450.49 99655 
5.191808192 5.438970313e+12 54197948.58 100169 
5.1998002 5.207236792e+12 52011690.78 99925 
5.207792208 5.474437477e+12 54457079.33 100343 
5.215784216 5.350410301e+12 53587693.47 99659 
5.223776224 5.154673487e+12 51707992.84 99497 
5.231768232 5.377350723e+12 53425391.76 100463 
5.23976024 5.233354944e+12 52386743.34 99709 
5.247752248 5.287594237e+12 52652434.75 100234 
5.255744256 5.216855618e+12 52101670.92 99937 
5.263736264 5.231712639e+12 52237742.67 99961 
5.271728272 5.359683507e+12 53418724.6 100146 
5.27972028 5.33837572e+12 53280186.12 100007 
5.287712288 5.138353421e+12 51155814.92 100249 
5.295704296 5.21572293e+12 51828463.52 100440 
5.303696304 5.161255107e+12 51466727.52 100089 
5.311688312 4.87696115e+12 48727977.05 99881 
5.31968032 5.027253841e+12 49998497.37 100347 
5.327672328 5.161973195e+12 52035453.03 99013 
5.335664336 4.880542782e+12 48553454.88 100312 
5.343656344 5.082456979e+12 50638805.88 100169 
5.351648352 5.153700655e+12 51177192.09 100506 
5.35964036 5.080721388e+12 50639750.9 100133 
5.367632368 5.051932846e+12 50505681.86 99830 
5.375624376 5.124268179e+12 51131033.45 100023 
5.383616384 5.020268164e+12 50106856.96 99992 
5.391608392 5.013442737e+12 49984893.82 100099 
5.3996004 4.92953082e+12 49212747.22 99965 
5.407592408 4.888153335e+12 48539434.03 100497 
5.415584416 4.993022939e+12 49647434.37 100367 
5.423576424 4.882516592e+12 48785069.37 99878 
5.431568432 4.792601972e+12 47787284.01 100081 
5.43956044 5.050303658e+12 50351625.97 100102 
5.447552448 4.750177515e+12 47432868.43 99935 
5.455544456 4.798839404e+12 47943895.18 99885 
5.463536464 4.95832065e+12 49566962.18 99832 
5.471528472 4.860623454e+12 48523427.41 99965 
5.47952048 4.911438933e+12 48722944.18 100596 
5.487512488 4.865030832e+12 48957966.17 99171 
5.495504496 2.869123666e+12 49383584.33 58031 
5.503496503 4.795844217e+12 47908610.52 99896 
5.511488511 4.862559431e+12 48487756.87 100078 
5.519480519 4.842620516e+12 48305485.67 100043 
5.527472527 4.792723994e+12 47711904.67 100241 
5.535464535 4.683822903e+12 46604958.9 100285 
5.543456543 4.770498931e+12 47654891.97 99896 
5.551448551 4.736881232e+12 47143480.21 100265 
5.559440559 4.815982559e+12 47935769.2 100258 
5.567432567 4.796766322e+12 47793407.07 100155 
5.575424575 4.808942047e+12 47823870.41 100345 
5.583416583 4.528084484e+12 45028085.73 100338 
5.591408591 4.643311343e+12 46425089.53 99803 
5.599400599 4.761008549e+12 47339073.46 100360 
5.607392607 4.739691416e+12 47467217.98 99643 
5.615384615 4.72534099e+12 47120887.71 100069 
5.623376623 4.514898533e+12 45059962.13 99976 
5.631368631 4.490250719e+12 44772936.97 100066 
5.639360639 4.69913985e+12 46851531.89 100085 
5.647352647 4.513436455e+12 44911772.11 100272 
5.655344655 4.365237921e+12 43443371.41 100250 
5.663336663 4.424161643e+12 44069121.13 100164 
5.671328671 4.360319453e+12 43616344.37 99742 
5.679320679 4.522757182e+12 45015549.82 100248 
5.687312687 4.590816194e+12 46005580.68 99573 
5.695304695 4.505487186e+12 45027803 99839 
5.703296703 4.450527073e+12 44223240.42 100410 
5.711288711 4.458712785e+12 44621254.56 99701 
5.719280719 4.324601182e+12 43334180.39 99568 
5.727272727 4.242975326e+12 42384355.48 99872 
5.735264735 4.277688366e+12 42519341.62 100369 
5.743256743 4.440663319e+12 44336136.13 99934 
5.751248751 4.357838277e+12 43439209.18 100090 
5.759240759 4.39869968e+12 43789882.68 100221 
5.767232767 4.453853125e+12 44500775.75 99861 
5.775224775 4.404619979e+12 43975019.91 99935 
5.783216783 4.361161662e+12 43651607.03 99681 
5.791208791 4.226546566e+12 42161321.71 100010 
5.799200799 4.178541897e+12 41593976.65 100219 
5.807192807 4.199939065e+12 42006263.76 99747 
5.815184815 4.224881568e+12 41940726.76 100494 
5.823176823 4.24032558e+12 42215970.39 100206 
5.831168831 4.152099253e+12 41470667.7 99881 
5.839160839 4.160343686e+12 41444387.69 100142 
5.847152847 4.016012205e+12 40129565.3 99828 
5.855144855 4.109276028e+12 40905697.27 100212 
5.863136863 4.078714834e+12 40676192.12 100027 
5.871128871 4.074114819e+12 40762478.48 99704 
5.879120879 4.099957074e+12 40970054.67 99829 
5.887112887 3.943455197e+12 39520115.57 99533 
5.895104895 4.078076183e+12 40532166.04 100365 
5.903096903 4.008932079e+12 39897170.07 100230 
5.911088911 3.980025277e+12 39824803.68 99689 
5.919080919 4.015690182e+12 40118261.88 99848 
5.927072927 4.075977986e+12 40677846.72 99956 
5.935064935 4.184361319e+12 41616993.63 100303 
5.943056943 4.130697062e+12 41306672.41 99760 
5.951048951 3.60509614e+12 40579484.43 88647 
5.959040959 4.058581524e+12 40518876.96 99919 
5.967032967 3.88938842e+12 38790829.96 100008 
5.975024975 3.896222989e+12 38844725.08 100045 
5.983016983 3.900927136e+12 38839455.18 100179 
5.991008991 3.889780382e+12 38775262.83 100058 
5.999000999 3.972437636e+12 39521566.94 100259 
6.006993007 3.988697999e+12 39881245.28 99765 
6.014985015 3.957123461e+12 39397652 100186 
6.022977023 3.932694234e+12 39099284.97 100325 
6.030969031 3.858681146e+12 38588501.03 99738 
6.038961039 3.866161812e+12 38583788.4 99943 
6.046953047 3.718690618e+12 37100385.18 99964 
6.054945055 3.769974521e+12 37672137.02 99809 
6.062937063 3.876250315e+12 38698743.55 99907 
6.070929071 3.775881332e+12 37561065.14 100259 
6.078921079 3.771506917e+12 37733858.57 99687 
6.086913087 3.731608555e+12 37219505.1 99991 
6.094905095 3.694506837e+12 36767114.29 100211 
6.102897103 3.715707848e+12 36946059.05 100299 
6.110889111 3.695970328e+12 36940347.59 99783 
6.118881119 3.699212082e+12 36973581 99781 
6.126873127 3.650897449e+12 36479812.28 99807 
6.134865135 3.621620507e+12 36315256.37 99455 
6.142857143 3.653219412e+12 36471845.31 99892 
6.150849151 3.589456684e+12 35966397.76 99525 
6.158841159 3.725035088e+12 37224128.61 99803 
6.166833167 3.830229535e+12 38238488.24 99906 
6.174825175 3.608094523e+12 36097502.49 99679 
6.182817183 3.552710576e+12 35274595.94 100430 
6.190809191 3.660195433e+12 36462403.56 100108 
6.198801199 3.621882639e+12 36071351.94 100131 
6.206793207 3.627290966e+12 36005676.52 100462 
6.214785215 3.501479308e+12 34912717.64 100006 
6.222777223 3.453644352e+12 34604927.65 99516 
6.230769231 3.53586486e+12 35203452.29 100156 
6.238761239 3.512925785e+12 35027881.12 100004 
6.246753247 3.532648579e+12 35089943.51 100387 
6.254745255 3.537196128e+12 35338809.89 99812 
6.262737263 3.493950745e+12 34702019.66 100394 
6.270729271 3.499470657e+12 34659426.98 100675 
6.278721279 3.400086778e+12 34125032.94 99347 
6.286713287 3.413986902e+12 34285776.22 99287 
6.294705295 3.506208801e+12 35068632.42 99698 
6.302697303 3.512042141e+12 34889915.08 100372 
6.310689311 3.476180858e+12 34702325.07 99884 
6.318681319 3.432169011e+12 34122520 100289 
6.326673327 3.416155527e+12 34035217.02 100077 
6.334665335 3.432225609e+12 34293338.5 99794 
6.342657343 3.518349083e+12 34952050.86 100374 
6.350649351 3.407632594e+12 33747532.59 100674 
6.358641359 3.391473903e+12 33847787.24 99903 
6.366633367 3.410721734e+12 34069955.42 99817 
6.374625375 3.379667594e+12 33749658.46 99844 
6.382617383 3.413843517e+12 34072045.72 99902 
6.390609391 3.363209213e+12 33465115.18 100199 
6.398601399 3.205077459e+12 32089949.05 99569 
6.406593407 3.373756402e+12 33757454.82 99647 
6.414585415 2.637171013e+12 32735068.94 80364 
6.422577423 3.239130397e+12 32271177.93 100062 
6.430569431 3.210870138e+12 31958536.43 100156 
6.438561439 3.219123994e+12 32044166.74 100146 
6.446553447 3.271946292e+12 32660878.26 99874 
6.454545455 3.250276442e+12 32432794.93 99908 
6.462537463 3.310092735e+12 32939299.96 100186 
6.470529471 3.152957419e+12 31416609.1 100041 
6.478521479 3.36173965e+12 33525509.21 99976 
6.486513487 3.239922574e+12 32244399.79 100169 
6.494505495 3.198866814e+12 31797155.84 100286 
6.502497502 3.203299766e+12 32104863.96 99468 
6.51048951 3.173491925e+12 31619009.44 100050 
6.518481518 3.283728561e+12 32682053.13 100168 
6.526473526 3.290374877e+12 32776718.76 100082 
6.534465534 3.235299549e+12 32369275.56 99643 
6.542457542 3.216297867e+12 32049437.93 100042 
6.55044955 3.162075812e+12 31480838.08 100126 
6.558441558 3.007335546e+12 30084788.18 99632 
6.566433566 3.115936101e+12 31005368.35 100173 
6.574425574 3.029537822e+12 30144383.39 100168 
6.582417582 3.045355302e+12 30410476.71 99814 
6.59040959 3.06670546e+12 30538763.36 100092 
6.598401598 3.068380239e+12 30580405.89 100011 
6.606393606 3.086512245e+12 30727690.13 100121 
6.614385614 3.03108984e+12 30279464.07 99775 
6.622377622 3.069460636e+12 30410921.89 100600 
6.63036963 3.07749028e+12 30577018.67 100318 
6.638361638 3.025071039e+12 30146446.69 100014 
6.646353646 3.015824979e+12 30031327.05 100089 
6.654345654 3.01737612e+12 30200211.85 99584 
6.662337662 2.957364259e+12 29497378.81 99920 
6.67032967 2.9558972e+12 29428727.32 100102 
6.678321678 3.092372906e+12 30863483.09 99872 
6.686313686 3.044695275e+12 30384253.35 99878 
6.694305694 3.081560425e+12 30814532.95 99681 
6.702297702 2.961882294e+12 29555997.03 99875 
6.71028971 2.931507049e+12 29289360.06 99748 
6.718281718 3.029820634e+12 30179963.26 100060 
6.726273726 2.935205883e+12 29163938.94 100300 
6.734265734 2.903304422e+12 28895481.66 100129 
6.742257742 2.974437426e+12 29574678.58 100234 
6.75024975 3.015765886e+12 29977067.13 100267 
6.758241758 2.919609845e+12 29079089.69 100058 
6.766233766 2.835984462e+12 28391330.9 99540 
6.774225774 2.923464478e+12 29126114.01 100029 
6.782217782 2.896594326e+12 28921245.98 99810 
6.79020979 2.89326459e+12 28834358.76 99994 
6.798201798 2.855359039e+12 28481378.6 99903 
6.806193806 2.815874062e+12 28016094.89 100151 
6.814185814 2.764331583e+12 27566040.81 99918 
6.822177822 2.830585294e+12 28195593.97 100036 
6.83016983 2.704181261e+12 26985259.3 99840 
6.838161838 2.673657703e+12 26698659.91 99769 
6.846153846 2.804372814e+12 27930748.37 100046 
6.854145854 2.817601992e+12 27959116.59 100415 
6.862137862 2.755701058e+12 27466926.15 99964 
6.87012987 1.436313956e+12 28325735.4 50617 
6.878121878 2.80099406e+12 27985722.18 99731 
6.886113886 2.770897363e+12 27485447.61 100446 
6.894105894 2.837484524e+12 28317016 99852 
6.902097902 2.812242419e+12 27998979.94 100083 
6.91008991 2.704284456e+12 27037308.99 99653 
6.918081918 2.743121539e+12 27451732.53 99564 
6.926073926 2.730423696e+12 27191862.43 100045 
6.934065934 2.687592741e+12 26805040.84 99892 
6.942057942 2.728047978e+12 27319683.17 99494 
6.95004995 2.632384497e+12 26288153.22 99757 
6.958041958 2.634438064e+12 26198913.37 100172 
6.966033966 2.684784271e+12 26652726.47 100354 
6.974025974 2.663734549e+12 26631470.1 99649 
6.982017982 2.727082594e+12 27144526.09 100096 
6.99000999 2.673540393e+12 26582585.55 100197 
6.998001998 2.618030031e+12 25929203.62 100578 
7.005994006 2.575927451e+12 25537719.36 100472 
7.013986014 2.516760096e+12 25002501.32 100258 
7.021978022 2.574040177e+12 25666719.84 99898 
7.02997003 2.617896909e+12 26105740.43 99898 
7.037962038 2.663538634e+12 26531855.33 100013 
7.045954046 2.571528285e+12 25665655.15 99805 
7.053946054 2.531280896e+12 25195213.33 100069 
7.061938062 2.493127529e+12 24930970.15 99603 
7.06993007 2.639567064e+12 26111943.44 100698 
7.077922078 2.668474164e+12 26529087.7 100208 
7.085914086 2.622576727e+12 26031792.19 100358 
7.093906094 2.533060755e+12 25230026.91 100002 
7.101898102 2.516916897e+12 25184596.9 99545 
7.10989011 2.510881576e+12 25080792.96 99715 
7.117882118 2.493010688e+12 24790043.84 100160 
7.125874126 2.518259351e+12 25099977.15 99931 
7.133866134 2.48501025e+12 24745284.44 100019 
7.141858142 2.519465241e+12 24965973.15 100511 
7.14985015 2.518517783e+12 25167550.42 99675 
7.157842158 2.511676409e+12 25037889.84 99916 
7.165834166 2.501069704e+12 24860747.74 100199 
7.173826174 2.495967743e+12 24820566.82 100156 
7.181818182 2.474868536e+12 24573538.17 100303 
7.18981019 2.486057815e+12 24800251.65 99841 
7.197802198 2.455475548e+12 24445800.45 100036 
7.205794206 2.470457809e+12 24568334.54 100146 
7.213786214 2.44590237e+12 24273523.1 100349 
7.221778222 2.431495387e+12 24154466.41 100248 
7.22977023 2.394168577e+12 23925796.41 99651 
7.237762238 2.381394936e+12 23754341.26 99831 
7.245754246 2.342809787e+12 23242196.8 100366 
7.253746254 2.342268392e+12 23337886.36 99935 
7.261738262 2.349381739e+12 23391125.5 100011 
7.26973027 2.356994657e+12 23419774.44 100212 
7.277722278 2.400506191e+12 23865262.74 100165 
7.285714286 2.328016827e+12 23288352.15 99539 
7.293706294 2.349392682e+12 23501198.83 99547 
7.301698302 2.291312045e+12 22846203.09 99856 
7.30969031 2.29556169e+12 22910748.9 99761 
7.317682318 2.297423841e+12 22800986.88 100318 
7.325674326 1.873877733e+12 22880041 81609 
7.333666334 2.316406203e+12 23057215.68 100029 
7.341658342 2.349515899e+12 23392231.06 100012 
7.34965035 2.270687655e+12 22689401.45 99639 
7.357642358 2.251560192e+12 22324486.29 100404 
7.365634366 2.27680825e+12 22623011.57 100197 
7.373626374 2.305822603e+12 22957891.45 100001 
7.381618382 2.28022088e+12 22716769.39 99936 
7.38961039 2.248920269e+12 22449113.42 99735 
7.397602398 2.30589251e+12 22993149.22 99852 
7.405594406 2.264922596e+12 22588086.02 99829 
7.413586414 2.241232261e+12 22323697.65 99949 
7.421578422 2.227251907e+12 22271957.71 99557 
7.42957043 2.221490998e+12 22234146.67 99468 
7.437562438 2.234657522e+12 22187578.99 100263 
7.445554446 2.231018314e+12 22184102.2 100116 
7.453546454 2.314465685e+12 22939495.23 100454 
7.461538462 2.160813944e+12 21546289.5 99824 
7.46953047 2.184185758e+12 21724853.33 100077 
7.477522478 2.199730073e+12 21820984.5 100346 
7.485514486 2.216337034e+12 22033015.56 100136 
7.493506494 2.156946715e+12 21532585.61 99709 
7.501498501 2.113905748e+12 21085328.87 99782 
7.509490509 2.169821734e+12 21654480.39 99742 
7.517482517 2.121706218e+12 21196313.84 99629 
7.525474525 2.130397925e+12 21322657.25 99448 
7.533466533 2.174605926e+12 21547197.44 100454 
7.541458541 2.116088766e+12 21099308.89 99819 
7.549450549 2.125397888e+12 21105481.93 100227 
7.557442557 2.058241138e+12 20535354.29 99744 
7.565434565 2.072832074e+12 20440745.4 100908 
7.573426573 2.09948053e+12 20959632.87 99693 
7.581418581 2.120954887e+12 21041017.03 100322 
7.589410589 2.095117456e+12 20886043.34 99834 
7.597402597 2.07658895e+12 20702959.74 99822 
7.605394605 2.018706212e+12 20068670.76 100090 
7.613386613 2.117096926e+12 21104499.85 99842 
7.621378621 2.058226461e+12 20543734.12 99703 
7.629370629 2.084665964e+12 20758259.56 99944 
7.637362637 2.087660685e+12 20899907.33 99415 
7.645354645 2.089632874e+12 20842276.73 99781 
7.653346653 2.064898119e+12 20516107.21 100158 
7.661338661 2.034045898e+12 20200325.98 100196 
7.669330669 2.026428441e+12 20146638.14 100086 
7.677322677 2.038048167e+12 20405621.59 99392 
7.685314685 1.977235312e+12 19669415.44 100014 
7.693306693 2.049822682e+12 20394788.34 100016 
7.701298701 2.014695526e+12 20054503.2 99962 
7.709290709 1.980548972e+12 19750224.51 99775 
7.717282717 2.012779335e+12 20031488.02 99981 
7.725274725 2.001417558e+12 19930531.95 99918 
7.733266733 1.947739366e+12 19417253.6 99796 
7.741258741 1.94695867e+12 19439541.32 99643 
7.749250749 1.973919877e+12 19553699.65 100432 
7.757242757 1.969387222e+12 19594704.79 99995 
7.765234765 1.992766811e+12 19824711.46 100014 
7.773226773 2.010858016e+12 19987232.45 100105 
7.781218781 1.964438601e+12 19587762.96 99780 
7.789210789 1.668102386e+12 18850961.45 88077 
7.797202797 1.853056245e+12 18416606.09 100074 
7.805194805 1.949037154e+12 19366142.73 100123 
7.813186813 1.94848075e+12 19430387.38 99767 
7.821178821 1.846001149e+12 18423900.05 99656 
7.829170829 1.911025884e+12 18922692.78 100457 
7.837162837 1.882801399e+12 18636850.66 100483 
7.845154845 1.904491734e+12 18958543.07 99928 
7.853146853 1.920119681e+12 19099872.49 100006 
7.861138861 1.898738275e+12 18980818.08 99512 
7.869130869 1.838416784e+12 18291197.81 99961 
7.877122877 1.910811475e+12 18911425.65 100505 
7.885114885 1.920859686e+12 19147126.88 99800 
7.893106893 1.829187773e+12 18325264.33 99279 
7.901098901 1.814303106e+12 18018429.67 100134 
7.909090909 1.885263214e+12 18782833.4 99840 
7.917082917 1.841339365e+12 18350872.45 99797 
7.925074925 1.832490113e+12 18239285.82 99921 
7.933066933 1.755255245e+12 17529657.99 99564 
7.941058941 1.803072319e+12 17925639.73 100027 
7.949050949 1.846429378e+12 18321510.59 100230 
7.957042957 1.811569257e+12 18064639.49 99731 
7.965034965 1.824439541e+12 18028448.22 100635 
7.973026973 1.764956098e+12 17623513 99584 
7.981018981 1.814127319e+12 18051490.25 99943 
7.989010989 1.883068439e+12 18743962.09 99929 
7.997002997 1.798178896e+12 17956406.41 99588 
8.004995005 1.749396844e+12 17361978.19 100181 
8.012987013 1.783004818e+12 17656635.9 100410 
8.020979021 1.782833146e+12 17756511.03 99842 
8.028971029 1.740286839e+12 17395928.1 99470 
8.036963037 1.732816083e+12 17201330.56 100153 
8.044955045 1.746882713e+12 17376184.37 99957 
8.052947053 1.711454577e+12 17093197.61 99544 
8.060939061 1.700038452e+12 17007552.27 99376 
8.068931069 1.702039915e+12 16862341.44 100339 
8.076923077 1.731299478e+12 17171789.42 100236 
8.084915085 1.743468126e+12 17339390.86 99972 
8.092907093 1.68528603e+12 16857553.59 99385 
8.100899101 1.705199321e+12 16980476.25 99833 
8.108891109 1.684480329e+12 16781610.63 99782 
8.116883117 1.660953333e+12 16520349.26 99934 
8.124875125 1.674329754e+12 16704277.15 99638 
8.132867133 1.74470878e+12 17335136.88 100067 
8.140859141 1.700081145e+12 16873280.56 100160 
8.148851149 1.690708853e+12 16860105.6 99688 
8.156843157 1.700552514e+12 16909933.92 99973 
8.164835165 1.667796187e+12 16536233.45 100248 
8.172827173 1.700041831e+12 16875104.47 100147 
8.180819181 1.68703243e+12 16706198.28 100378 
8.188811189 1.713716081e+12 17076171.77 99773 
8.196803197 1.680435814e+12 16690459.95 100081 
8.204795205 1.664291105e+12 16547883.75 99969 
8.212787213 1.612273906e+12 16057300.12 99786 
8.220779221 1.614416201e+12 16077953.85 99791 
8.228771229 1.637894353e+12 16284487.79 99965 
8.236763237 1.616666548e+12 16071804.73 99967 
8.244755245 9.282550311e+11 16177341.26 57178 
8.252747253 1.616190168e+12 16024189.2 100231 
8.260739261 1.603975674e+12 15932907.7 100041 
8.268731269 1.579501309e+12 15733014.9 99760 
8.276723277 1.592299997e+12 15851336.54 99822 
8.284715285 1.589853873e+12 15850790.65 99673 
8.292707293 1.607968643e+12 15945222.26 100212 
8.300699301 1.596023862e+12 15808450.06 100322 
8.308691309 1.549062384e+12 15356148.85 100220 
8.316683317 1.539091249e+12 15259122.08 100204 
8.324675325 1.586543993e+12 15751322.7 100087 
8.332667333 1.61415629e+12 16089714.93 99703 
8.340659341 1.610168042e+12 15981542.87 100123 
8.348651349 1.60562264e+12 16033104.12 99525 
8.356643357 1.58456666e+12 15721066.24 100153 
8.364635365 1.560944561e+12 15490684 100118 
8.372627373 1.575935375e+12 15679280.99 99873 
8.380619381 1.560885635e+12 15489781.96 100120 
8.388611389 1.578007043e+12 15686661.78 99957 
8.396603397 1.560335231e+12 15495886.55 100046 
8.404595405 1.555919232e+12 15433617.22 100162 
8.412587413 1.539260483e+12 15300415.25 99948 
8.420579421 1.511245651e+12 14982286.23 100197 
8.428571429 1.535245915e+12 15284728 99790 
8.436563437 1.560261487e+12 15493266.93 100058 
8.444555445 1.508214289e+12 15033223.64 99663 
8.452547453 1.504907706e+12 15009049.18 99604 
8.460539461 1.515293691e+12 15040029.55 100083 
8.468531469 1.510437988e+12 14969228.64 100230 
8.476523477 1.527870628e+12 15226432.32 99689 
8.484515485 1.483467629e+12 14702366.97 100215 
8.492507493 1.481667092e+12 14779472.57 99579 
8.5004995 1.512084182e+12 15040550.84 99869 
8.508491508 1.507302305e+12 14925265.19 100314 
8.516483516 1.47400102e+12 14681114.59 99722 
8.524475524 1.427308216e+12 14185892.67 99909 
8.532467532 1.446367981e+12 14409133.71 99687 
8.54045954 1.426706869e+12 14195291.82 99802 
8.548451548 1.430263408e+12 14158983.5 100302 
8.556443556 1.448322539e+12 14418475.53 99757 
8.564435564 1.472453089e+12 14604422.07 100134 
8.572427572 1.439815569e+12 14335090.42 99744 
8.58041958 1.442016465e+12 14300454.32 100134 
8.588411588 1.426318083e+12 14174687.01 99918 
8.596403596 1.390878259e+12 13820688.79 99913 
8.604395604 1.443255975e+12 14354261.48 99849 
8.612387612 1.421188231e+12 14053152.79 100410 
8.62037962 1.395544768e+12 13917985.86 99555 
8.628371628 1.380175599e+12 13674955.11 100191 
8.636363636 1.401910893e+12 13913314.5 100039 
8.644355644 1.424051496e+12 14063767.34 100536 
8.652347652 1.417805608e+12 14118439.1 99716 
8.66033966 1.412320519e+12 14005018.37 100126 
8.668331668 1.363675268e+12 13577511.69 99702 
8.676323676 1.422033326e+12 14118474.56 100011 
8.684315684 1.390355084e+12 13821487.36 99870 
8.692307692 1.342082724e+12 13384506.66 99529 
8.7002997 9.945489225e+11 13483075.83 73363 
8.708291708 1.409523613e+12 14015278.62 99857 
8.716283716 1.360557837e+12 13480101.08 100184 
8.724275724 1.363371601e+12 13451085.11 100603 
8.732267732 1.344635081e+12 13315628.68 100225 
8.74025974 1.348121041e+12 13366521.36 100106 
8.748251748 1.388250552e+12 13790466.88 99941 
8.756243756 1.354185359e+12 13418802.53 100167 
8.764235764 1.342460707e+12 13328357.41 99970 
8.772227772 1.320396313e+12 13126304.22 99830 
8.78021978 1.313989015e+12 13013405.78 100198 
8.788211788 1.296369451e+12 12861933.14 100011 
8.796203796 1.32027947e+12 13059114.99 100327 
8.804195804 1.363303377e+12 13497797.95 100255 
8.812187812 1.330898337e+12 13165760.64 100321 
8.82017982 1.338799422e+12 13337778.6 99630 
8.828171828 1.32957872e+12 13133596.8 100464 
8.836163836 1.333402928e+12 13302314.8 99492 
8.844155844 1.322524809e+12 13116143.02 100066 
8.852147852 1.299002503e+12 12917382.22 99789 
8.86013986 1.299223614e+12 12915260.49 99822 
8.868131868 1.304452936e+12 12961451.26 99869 
8.876123876 1.320360901e+12 13159407.37 99580 
8.884115884 1.302367259e+12 13001642.06 99407 
8.892107892 1.315579002e+12 13078845.6 99824 
8.9000999 1.331793689e+12 13154448.37 100473 
8.908091908 1.276885988e+12 12709067.19 99686 
8.916083916 1.312545829e+12 12965752.67 100451 
8.924075924 1.282837877e+12 12688090.43 100310 
8.932067932 1.227057116e+12 12169850.03 100003 
8.94005994 1.260563298e+12 12483350.29 100173 
8.948051948 1.27632666e+12 12699185.61 99719 
8.956043956 1.260955491e+12 12505786.73 100027 
8.964035964 1.258077655e+12 12485005.52 99964 
8.972027972 1.255241002e+12 12425679.12 100209 
8.98001998 1.257725097e+12 12474504.14 100019 
8.988011988 1.221784618e+12 12120697.97 99974 
8.996003996 6.130205805e+11 12202803.25 50031 
