# Format: McCode with text headers
# URL: http://www.mccode.org
# Creator: 
# Instrument: BOA_beamline_monitors_MCPL_in.instr
# Ncount: 7003540
# Trace: no
# Gravitation: no
# Seed: 1672844660189673
# Directory: BOA_MCPL/1
# Nodes: 8
# Param: MCPLdir=BOA_1-9AA_1e8/1/
# Param: repeats=10
# Param: E_smear=0.01
# Param: pos_smear=0.001
# Param: dir_smear=0.001
# Date: Wed Jan  4 16:04:23 2023 (1672844663)
# type: array_1d(200)
# Source: BOA_RNR51 (BOA_beamline_monitors_MCPL_in.instr)
# component: divY_trompete_exit_slit
# position: -0.0145 0 8.63862
# title: Horizontal divergence monitor
# Ncount: 56028320
# filename: divY_trompete_exit_slit.dat
# statistics: X0=0.0217326; dX=0.479748;
# signal: Min=0; Max=5.73942e+07; Mean=8.32631e+06;
# values: 1.66526e+09 646963 2.80142e+07
# xvar: divergence
# yvar: (I,I_err)
# xlabel: horizontal divergence [deg]
# ylabel: Intensity
# xlimits: -3 3
# variables: divergence I I_err N
-2.985 0 0 0 
-2.955 0 0 0 
-2.925 0 0 0 
-2.895 0 0 0 
-2.865 0 0 0 
-2.835 0 0 0 
-2.805 0 0 0 
-2.775 0 0 0 
-2.745 0 0 0 
-2.715 0 0 0 
-2.685 3.050323806e-11 3.723993067e-12 96 
-2.655 8.413127436e-09 1.813392062e-09 272 
-2.625 1.827069274e-08 5.777700348e-09 10 
-2.595 0.0005251761705 4.526173217e-05 1818 
-2.565 0.001939590251 0.0002271977903 2028 
-2.535 0 0 0 
-2.505 0 0 0 
-2.475 2.497603373 0.3182492404 480 
-2.445 5.728690928 0.7504165271 176 
-2.415 0 0 0 
-2.385 0 0 0 
-2.355 0 0 0 
-2.325 0 0 0 
-2.295 6.974145409e-12 1.084957723e-12 43 
-2.265 4.660182312e-09 4.514538279e-10 600 
-2.235 2.230671571e-07 2.318745159e-08 1342 
-2.205 0.0001221468327 2.096684051e-05 1386 
-2.175 0.01024406581 0.0006872463959 3365 
-2.145 0.1954463708 0.007788355303 7740 
-2.115 0.9266661493 0.03260438886 9461 
-2.085 3.194134147 0.1007976698 10914 
-2.055 101.1330279 3.993402404 14653 
-2.025 835.036407 15.59305014 25314 
-1.995 3502.250811 40.79632181 37697 
-1.965 6932.596266 66.13716006 46424 
-1.935 10118.65473 86.73036938 47116 
-1.905 13165.49209 107.7472369 49280 
-1.875 28480.65068 206.8427398 64073 
-1.845 61530.11077 359.855391 82134 
-1.815 101787.4166 505.6345653 96896 
-1.785 138615.0121 636.6021418 102692 
-1.755 177041.6266 761.7073262 110182 
-1.725 234101.2824 925.6573057 127475 
-1.695 341491.7448 1212.068575 150114 
-1.665 452107.6306 1488.709689 167465 
-1.635 555559.6905 1757.436582 172745 
-1.605 733669.2954 2184.265035 188936 
-1.575 910525.6425 2582.957966 202816 
-1.545 1097260.467 2990.629009 216171 
-1.515 1256264.59 3371.402363 214078 
-1.485 1251813.187 3520.521483 191079 
-1.455 1454711.651 4080.447655 190476 
-1.425 1757094.219 4820.032259 199452 
-1.395 2081355.705 5549.18359 208124 
-1.365 2099321.288 5827.911689 189573 
-1.335 1999296.317 5951.621544 162994 
-1.305 2167910.122 6706.982714 149653 
-1.275 2597172.815 7957.020032 156458 
-1.245 3115821.806 9250.535718 165265 
-1.215 3222552.109 9694.809174 163042 
-1.185 3459906.758 10817.32789 154727 
-1.155 3686820.006 11982.16143 144851 
-1.125 3647641.771 12671.7579 127151 
-1.095 3585651.426 13225.43348 113978 
-1.065 4104747.838 15196.28918 118346 
-1.035 4654322.555 17476.02691 117148 
-1.005 4592774.275 18412.04886 106918 
-0.975 4858373.757 19802.78075 114627 
-0.945 5677356.644 23013.56849 122813 
-0.915 5803254.31 24263.97416 124706 
-0.885 5976003.783 25175.49161 127426 
-0.855 6536444.529 26444.2334 141411 
-0.825 6349510.351 26556.6792 142460 
-0.795 5407964.852 24077.6087 133663 
-0.765 5540229.906 25312.76025 128318 
-0.735 4651804.56 24488.67873 105422 
-0.705 2776973.304 15976.17785 77356 
-0.675 2825819.806 12897.50872 76889 
-0.645 4256224.273 16352.18649 108254 
-0.615 5899796.002 20088.69858 143053 
-0.585 7144628.296 23104.36135 160073 
-0.555 9044400.67 27708.73411 186836 
-0.525 11320270.02 32968.42066 212252 
-0.495 13809085.67 39153.09189 232815 
-0.465 17172139.89 44825.32049 272548 
-0.435 19132010.38 48967.94493 289779 
-0.405 21120848.46 53794.3186 294069 
-0.375 24772683.72 61137.74464 321339 
-0.345 28261166.93 67963.8837 350844 
-0.315 33421297.17 78376.27151 388341 
-0.285 37680819.99 86719.23382 420889 
-0.255 41385496.26 94330.00642 448906 
-0.225 45881850.35 105361.5959 468202 
-0.195 49424582.18 119197.1298 463633 
-0.165 51309214.21 127949.1306 462830 
-0.135 53305863.16 137077.6714 458841 
-0.105 54501911.65 143858.348 450666 
-0.075 56350432.34 150745.652 452332 
-0.045 56329695.47 152881.6712 446368 
-0.015 56914633.39 155902.03 442414 
0.015 57394188.49 154687.4139 445296 
0.045 56663250.84 156052.9658 437674 
0.075 54903664.37 152732.4884 427328 
0.105 54267275 149852.9419 425699 
0.135 51668163.48 140046.6564 418416 
0.165 49392989.66 129693.082 422332 
0.195 48017659.72 123825.4843 423893 
0.225 44687818.92 111181.3435 425219 
0.255 40997222.44 100333.4498 411265 
0.285 36821665.97 90015.40773 388443 
0.315 32851000.87 80968.84233 366491 
0.345 29203484.96 72871.58915 345658 
0.375 24880669.5 62707.11791 320035 
0.405 22282479.25 57334.79931 301012 
0.435 21659002.45 54804.0713 308041 
0.465 19785705.3 50854.01947 298747 
0.495 16819260.8 44560.91822 276803 
0.525 14631998.56 39145.28297 264889 
0.555 12250038.16 33509.79409 245676 
0.585 10141665.65 28455.39749 225623 
0.615 9146707.291 25788.97445 217289 
0.645 7704771.153 22343.44421 201089 
0.675 6228580.385 19887.3033 170831 
0.705 6326997.409 24641.60108 160072 
0.735 5948678.792 23338.63365 153203 
0.765 6435569.316 24281.06982 159987 
0.795 6643692.82 25592.18655 157788 
0.825 6527474.015 25255.89715 148681 
0.855 6945208.6 25718.51133 149493 
0.885 7285463.742 26259.35121 152353 
0.915 7152796.105 25188.77254 150569 
0.945 6875760.125 23232.84617 156451 
0.975 6627520.004 21769.01749 154977 
1.005 6218031.112 20003.98144 154128 
1.035 6522465.477 19312.9087 178102 
1.065 6488148.799 18390.10135 190074 
1.095 5584554.332 16404.9931 173931 
1.125 4685367.921 14207.37891 161986 
1.155 4493417.509 12997.10312 179484 
1.185 4323297.551 11911.38306 195267 
1.215 3890286.613 10461.15891 198081 
1.245 3365364.569 9424.725397 175947 
1.275 2372459.857 7768.36428 127894 
1.305 1582425.468 5937.431168 101272 
1.335 1434035.578 4845.573944 128814 
1.365 1921883.914 5248.986054 191947 
1.395 2447256.322 5805.092694 255843 
1.425 1924920.76 5011.830906 211743 
1.455 1268146.601 3843.595688 161369 
1.485 980641.126 3054.402562 156972 
1.515 1103003.807 3067.170686 201721 
1.545 1098297.384 2875.265794 229883 
1.575 1007910.315 2618.237577 235242 
1.605 813432.5795 2245.124219 217663 
1.635 596800.6388 1783.027421 193876 
1.665 505228.4137 1529.154915 196327 
1.695 372249.2998 1261.803939 159340 
1.725 146110.7007 722.2542613 79547 
1.755 103891.8856 564.6769719 70482 
1.785 111640.7406 530.6369091 99875 
1.815 135066.033 533.1755495 158182 
1.845 98638.85647 423.2004408 144842 
1.875 47296.53462 276.9055172 79234 
1.905 59.57575935 9.770576359 135 
1.935 0 0 0 
1.965 1872.063028 25.66538432 29654 
1.995 2935.727199 31.06153451 53231 
2.025 632.1142128 11.58093864 21565 
2.055 60.59091359 2.575193545 3342 
2.085 0 0 0 
2.115 0 0 0 
2.145 0.005932495963 0.0008696276375 240 
2.175 0 0 0 
2.205 0 0 0 
2.235 0 0 0 
2.265 0 0 0 
2.295 0 0 0 
2.325 0 0 0 
2.355 0 0 0 
2.385 0 0 0 
2.415 0 0 0 
2.445 0 0 0 
2.475 0 0 0 
2.505 0 0 0 
2.535 0 0 0 
2.565 0 0 0 
2.595 0 0 0 
2.625 0 0 0 
2.655 0 0 0 
2.685 0 0 0 
2.715 0 0 0 
2.745 0 0 0 
2.775 0 0 0 
2.805 0 0 0 
2.835 0 0 0 
2.865 0 0 0 
2.895 0 0 0 
2.925 0 0 0 
2.955 0 0 0 
2.985 0 0 0 
