# Format: McCode with text headers
# URL: http://www.mccode.org
# Creator: 
# Instrument: BOA_beamline_monitors.instr
# Ncount: 25000000
# Trace: no
# Gravitation: no
# Seed: 1000
# Directory: BOA_1-9AA_1e8/0
# Nodes: 8
# Param: flagin=0
# Param: trompete_exit_slit_width=0.04
# Param: trompete_exit_slit_height=0.04
# Param: Lmin=1
# Param: Lmax=9
# Param: threshold=1e-12
# Date: Wed Jan  4 16:02:30 2023 (1672844550)
# type: array_2d(100, 20)
# Source: BOA_RNR51 (BOA_beamline_monitors.instr)
# component: divergence_behind_zapfen_unit
# position: 0 0 2.0486
# title: Divergence monitor
# Ncount: 200000000
# filename: divzapfen.dat
# statistics: X0=0.03286; dX=1.02886; Y0=-3.34469e-05; dY=1.66668;
# signal: Min=0; Max=2.3675e+09; Mean=2.95026e+08;
# values: 5.90051e+11 1.08965e+08 9.48128e+07
# xvar: X 
# yvar: Y 
# xlabel: X divergence [deg]
# ylabel: Y divergence [deg]
# zvar: I
# zlabel: Signal per bin
# xylimits: -5 5 -5 5
# variables: I I_err N
# Data [divergence_behind_zapfen_unit/divzapfen.dat] I:
0 0 0 0 0 0 0 0 0 0 0 0 0 0 0 0 0 0 0 0 0 0 0 0 0 0 0 0 0 0 0 0 0 0 0 0 0 0 0 0 0 0 0 0 0 0 0 0 0 0 0 0 0 0 0 0 0 0 0 0 0 0 0 0 0 0 0 0 0 0 0 0 0 0 0 0 0 0 0 0 0 0 0 0 0 0 0 0 0 0 0 0 0 0 0 0 0 0 0 0 
0 0 0 0 0 0 0 0 0 0 0 0 0 0 0 0 0 0 0 0 0 0 0 0 0 0 0 0 0 138625.1105 264365.7851 621105.2876 924067.7236 777595.7022 1173832.728 1451322.635 1526855.945 1806044.707 1648725.896 2203669.961 2544887.204 2610881.51 2653777.007 2708709.989 3309644.632 3504070.906 4199688.978 3654380.577 4120604.508 3964204.026 4574844.017 4649579.991 3700108.66 3982339.784 3560617.927 3803367.721 4073021.542 3212474.874 3370299.49 3190586.1 2736663.097 2786805.404 2115690.804 2219017.695 2106566.588 2051036.699 1893953.977 1739353.124 1257859.702 1275109.994 1078937.743 798527.0407 605671.7356 264107.5442 128341.0198 0 0 0 0 0 0 0 0 0 0 0 0 0 0 0 0 0 0 0 0 0 0 0 0 0 
0 0 0 0 0 0 0 0 0 0 0 0 0 0 0 0 0 0 0 0 0 0 0 0 0 0 137662.7609 1778701.561 6060396.491 15620042.2 24546032.83 36258379.23 45977597.31 54570362.71 67865179.75 74938853.84 86297577.83 95059613.74 104064964.3 118487643.9 127690704.4 132765594.4 146534225.8 158481869.5 167232581.3 171597603.3 184798217.6 198013135.5 203814134.8 215921024.6 215468819.6 212444533.1 206184334.2 201253739.5 199890333.4 191897916.4 184446219.8 173438541.6 167720696.8 158227027.9 148481710.5 140831573.4 125768227.5 117936313.7 105213819.2 96464834.58 85812775.21 75144762.67 63576616.7 57082171.1 47037395.38 36330136.43 26483044.07 15355977.59 6435291.548 2806.890007 0 0 0 0 0 0 0 0 0 0 0 0 0 0 0 0 0 0 0 0 0 0 0 0 
0 0 0 0 0 0 0 0 0 0 0 0 0 0 0 0 0 0 0 0 0 0 0 0 8808.557323 1927957.555 10152319.29 25093766.39 44050069.33 65338176.13 91399201.77 117176797.5 142952701.9 169105981.8 195340144.9 216612041.2 242701859.4 270776939.5 291421768.3 317062634.1 353770033.9 372896013.7 396347841.6 418178624.5 443491836.8 465304180.2 489606187.9 504918334.9 522501897.3 538180441.8 537119500.1 535315603 520769872.1 506762323.5 495951878.6 481572150.5 464073142.2 439460709.6 422964732.6 389593379.9 366395177.3 343511138.8 316167593.9 288928576.4 264679435.9 241746663.4 215932957.9 184605502.4 165697903.3 141042458.8 113662071.2 91553736.26 65971744.98 39741829.21 14806598.55 14562.69677 0 0 0 0 0 0 0 0 0 0 0 0 0 0 0 0 0 0 0 0 0 0 0 0 
0 0 0 0 0 0 0 0 0 0 0 0 0 0 0 0 0 0 0 0 0 0 0 0 24802.22643 9699015.16 33112605.07 62259707.52 96241397.43 137827505.9 175499675.2 220739736.7 254258246.1 301673230.3 333709660.2 377403409.1 421074590.9 455989926.9 500846482.7 546611980 575696849.3 619085599.3 658949801.6 697571444.8 737076470.7 760128326.2 787361374.2 819709451.1 841447955.6 868093684.3 873165406.4 851707614.9 828011859.1 818479158.2 792244105.5 781095797.5 755283733.9 706391578.5 668553402.1 627590748.1 587042040.1 543470585 508211045.4 464008946.7 430056222.1 384036496 345731064.7 309823184.5 267059658 224774999.8 182059140.1 144297242.6 102095458.5 62862346.46 22937643.13 87941.41207 0 0 0 0 0 0 0 0 0 0 0 0 0 0 0 0 0 0 0 0 0 0 0 0 
0 0 0 0 0 0 0 0 0 0 0 0 0 0 0 0 0 0 0 0 0 0 0 0 17208.71267 18803162.44 57401054.89 100610831.7 150711714.6 205814165.4 259129828.6 316482893.7 372929064.4 426240975.4 478045085.5 536399037.6 595665475.6 652344491.3 702449501.7 753915847.7 817804673.8 870306184.7 925149376.9 984209385.8 1026651374 1062433501 1086810230 1125146087 1159177006 1190138780 1189295155 1164624542 1143669844 1121747747 1086945311 1071619812 1031867216 965944734.9 918050579.5 862128308.2 805802924.2 746403599.8 694411758.1 644541434.9 586665308.1 529261583 479693714.6 414270356.8 360913409.2 308264820.9 255872340.9 196875951.6 141619152.4 86577542.34 31031967.27 144003.1028 0 0 0 0 0 0 0 0 0 0 0 0 0 0 0 0 0 0 0 0 0 0 0 0 
0 0 0 0 0 0 0 0 0 0 0 0 0 0 0 0 0 0 0 0 0 0 0 0 103384.7796 26067313.89 78618394.48 137462757.1 205163757.3 277051708.4 341755633.5 416529351.8 485296715.6 558786108.8 631374788 694936502 763043818.1 836790861.4 908839231.8 981348255.9 1045688153 1118795353 1190809554 1260139881 1319425736 1363235826 1400233750 1440194731 1482837129 1504073172 1507024031 1487952179 1440848469 1398836521 1365662000 1341857734 1294557914 1230694604 1162076865 1099007503 1025128787 958172863.9 887245964 813504076.4 742948490.4 672490799.9 606402139.4 533616245 459358890.3 395416165.6 322639272.7 249241423 180607032.7 107492331.7 38821668.17 104967.4157 0 0 0 0 0 0 0 0 0 0 0 0 0 0 0 0 0 0 0 0 0 0 0 0 
0 0 0 0 0 0 0 0 0 0 0 0 0 0 0 0 0 0 0 0 0 0 0 0 129744.2713 36958391.16 103707666.4 177536821.1 260682679.3 346164725.5 427371581.7 515861295.2 601031943.1 683965971.5 771996625.2 859332756.5 942094404.4 1029514785 1109247266 1199210688 1290437388 1369589918 1457065830 1546861379 1608152435 1660067985 1700443199 1750447671 1773436522 1806411451 1805054292 1757381231 1735353062 1676376139 1653390253 1608686851 1543721633 1482800696 1403619281 1329228034 1245686909 1160739966 1078442232 988700688.1 904869834.5 819302094.8 730732232.1 644282896.2 562698901.1 474794726.8 392468240.3 305121146.7 221162354.4 133445141.9 50531807.56 151584.8112 0 0 0 0 0 0 0 0 0 0 0 0 0 0 0 0 0 0 0 0 0 0 0 0 
0 0 0 0 0 0 0 0 0 0 0 0 0 0 0 0 0 0 0 0 0 0 0 0 85129.19132 42209006.15 125770078.8 216336386.5 309379462.3 411303268.7 512588556.1 609036539.1 716316804.6 808059948.8 911511880.7 1015801000 1112470022 1214313009 1314924515 1415738354 1520091256 1625272814 1713289154 1812554545 1889601929 1936505261 1988853452 2021179023 2066577112 2093323606 2087904176 2039769978 1999335164 1943097461 1901752205 1840500145 1794117621 1705582880 1638897924 1537782912 1448028801 1367939658 1258191699 1159514800 1061504934 966791153.3 865462199 757617857.5 661539792.7 561815468.5 459651139.2 356571348.8 261958272.6 157417778.3 57578339.41 235474.4739 0 0 0 0 0 0 0 0 0 0 0 0 0 0 0 0 0 0 0 0 0 0 0 0 
0 0 0 0 0 0 0 0 0 0 0 0 0 0 0 0 0 0 0 0 0 0 0 0 144900.8804 43306477.12 132961004.6 230606683.7 338659793.6 451795399.1 573492450.5 694280287.3 801612756.3 914675455.9 1038864651 1145574843 1276193688 1381240499 1499757160 1619782083 1713117643 1838875960 1939436802 2066465177 2127193017 2192235904 2245870119 2296279362 2319627192 2367496551 2341810955 2290979720 2238430222 2182076893 2116144576 2065597055 2012156629 1919819497 1825532222 1734224796 1646386070 1535270871 1425240549 1329022610 1215348049 1099872184 992330987.1 878471037.7 757555286.9 646148205.3 525971784.4 415013705.4 295017379.4 179402638.1 64037324.54 253254.1694 0 0 0 0 0 0 0 0 0 0 0 0 0 0 0 0 0 0 0 0 0 0 0 0 
0 0 0 0 0 0 0 0 0 0 0 0 0 0 0 0 0 0 0 0 0 0 0 0 196091.3765 45939258.86 133215459.6 233095528.8 339503182.2 456757118.7 574098736.5 685411623 797707692.1 922840288.5 1032669248 1154100484 1262001169 1387277501 1490934315 1614335719 1737285024 1840083189 1935447411 2052301607 2126803827 2190704708 2236624577 2280781014 2324218275 2352305326 2343330052 2283260031 2235327260 2189301890 2119986275 2072488843 1999607794 1911137317 1840929118 1723762362 1642026059 1533125481 1427427438 1331390258 1223259024 1101053449 993408074 876233500.7 761712059.2 642904484.9 525957834.7 411898444.7 299168459.2 181014978 64742541.27 203336.7991 0 0 0 0 0 0 0 0 0 0 0 0 0 0 0 0 0 0 0 0 0 0 0 0 
0 0 0 0 0 0 0 0 0 0 0 0 0 0 0 0 0 0 0 0 0 0 0 0 91126.00204 43282979.06 125280126.1 216198351.6 310854271.1 403796955 511657918.4 606652492.6 715958710.5 808509625.5 913287580.9 1020187925 1113733252 1216973917 1321082806 1418728352 1521843838 1619898686 1715544915 1815913665 1881501318 1934682259 1993881131 2026880091 2063062944 2106195220 2086691525 2030630685 1989161447 1931431996 1899754603 1855598530 1796945563 1712523752 1631537656 1530506679 1459246057 1363575542 1264830292 1173912089 1062687003 964770818.1 866776635.9 755882272.1 657832085 564763478.5 453995575.8 364764713.2 260281042.4 159650938.4 55755276.99 156263.6534 0 0 0 0 0 0 0 0 0 0 0 0 0 0 0 0 0 0 0 0 0 0 0 0 
0 0 0 0 0 0 0 0 0 0 0 0 0 0 0 0 0 0 0 0 0 0 0 0 234564.6303 36709070.29 103822593.7 176008398.1 256925028.9 339146189.1 429306893.5 511125250.4 604280239.2 688110778.6 771610300.3 856703638.3 939533260.2 1025975661 1120883334 1198676499 1274995103 1366391458 1449391818 1542440978 1602958406 1651850333 1706037053 1748782958 1775910973 1800223646 1808656331 1772751193 1718239194 1685808609 1642136431 1601888371 1556208144 1490080673 1406048167 1318849562 1245206851 1166550284 1072803902 979671318.7 897221454.2 822038976.8 733069782.9 650720797.9 568079309.7 471869515.8 392524711.4 304380060.5 217819497.8 135192228 50338056.62 144541.3894 0 0 0 0 0 0 0 0 0 0 0 0 0 0 0 0 0 0 0 0 0 0 0 0 
0 0 0 0 0 0 0 0 0 0 0 0 0 0 0 0 0 0 0 0 0 0 0 0 96751.77533 27376632.36 81349293.92 140014386.4 205314032.7 272839946 342531933.4 418942577.9 483169044.1 556979729.2 628632581.8 691992429.5 767742788.1 840111162.7 907833102.7 973666819.8 1041768042 1117362357 1197115384 1262930112 1317908507 1365021188 1401482066 1444044831 1486643582 1501058378 1502055392 1467330196 1438061907 1403951395 1377891850 1344678636 1292321037 1236536480 1170272836 1100715980 1028986075 958153561.4 891251734.8 811480768.6 743199862.4 675221210.7 602276381.1 535516377.8 461993577.4 393244471.5 323313870 249502062.2 181454980.2 107960752.6 40997276.6 145496.2424 0 0 0 0 0 0 0 0 0 0 0 0 0 0 0 0 0 0 0 0 0 0 0 0 
0 0 0 0 0 0 0 0 0 0 0 0 0 0 0 0 0 0 0 0 0 0 0 0 86986.93736 19789394.53 55451626.66 100247973.5 151272303.9 207157949.6 258768677.2 313524627.8 370897586.4 423518810 483970845.4 537316072.8 597879909 652237695.2 704355619.2 769182742.8 807817114.6 867955758.4 928173163.6 984137235 1028399997 1059621476 1097632026 1129696836 1164146159 1198109056 1186872225 1175415064 1137393124 1116866720 1092646372 1064419426 1024551007 974737923.1 915017112.4 858372214.4 800718657.1 752251572.6 689170240.2 639291640 587469182.2 528508749.9 475552556.5 420650566.4 363924923.3 307738621.4 253731853.8 199239875.7 139883962.6 85817054.57 31414589.94 105842.9628 0 0 0 0 0 0 0 0 0 0 0 0 0 0 0 0 0 0 0 0 0 0 0 0 
0 0 0 0 0 0 0 0 0 0 0 0 0 0 0 0 0 0 0 0 0 0 0 0 36320.70893 10861168.65 33175123.49 62905638.94 96278953.69 136355992.9 175531790.2 220304557.5 256751252.7 299549647.2 336651100.1 375169566.6 419752796.4 456865317.4 493773684.4 536944827.4 579635296.1 617631935.2 654382006.6 699926732.4 735040831.1 761470837.3 793695323.6 825959700 840909736.3 870850304.5 866472121.8 855487037.8 831482211.5 813438654.1 799375215.8 778520813.7 750046990.9 706850928.9 665285974.6 624096441.5 588548073.1 547346914.1 504386159.6 465543744.2 430455217.8 386877952.4 346432823.3 305763608.4 265598412.4 221942128.1 184703814.4 139299458.8 103517057.7 62336401.07 22262701.45 57577.21246 0 0 0 0 0 0 0 0 0 0 0 0 0 0 0 0 0 0 0 0 0 0 0 0 
0 0 0 0 0 0 0 0 0 0 0 0 0 0 0 0 0 0 0 0 0 0 0 0 0 2278648.598 10333262.67 23955282.02 42869793.23 67570999.14 92084570.11 117631437.3 144232628.5 168258482.9 191347476.2 220215715 242046344.1 267598311.8 291344356.2 323962423.1 341205899.8 368051577.4 395194199.9 420415912.3 446134952.3 467317895.7 486856463.5 501361763.5 526470568.8 533137314.9 537126366.9 533653877.3 514266799.1 508424736.7 498204372.9 476260633.3 467781116 443315616 413372797.7 388356493.9 366255304 342863720 317387515.8 293394302.7 267766224.2 240782398 214004018.1 191753019.6 162495941.4 142460385.8 114813885.4 90372331.52 64669838.76 39623333.24 13679648.57 186726.6061 0 0 0 0 0 0 0 0 0 0 0 0 0 0 0 0 0 0 0 0 0 0 0 0 
0 0 0 0 0 0 0 0 0 0 0 0 0 0 0 0 0 0 0 0 0 0 0 0 0 0 167877.0194 1815243.674 6798896.206 15473586.83 24306901.72 35749929.97 45821490.12 56838163.76 64849127.04 75881096.64 86754054.69 96250471.29 104628828.4 115107824 128033873.4 136261105.3 149491884.7 155472882.3 167115148.6 174303786.5 188203313.4 197038741.4 207995618.9 213114308.6 212853912.6 209151843.8 206667293.4 203154547.8 199689149.6 193572576.5 188340550.2 176768186.5 168573951.5 154541872.3 146090583.4 138289024.1 124820725.5 117614449.1 106334075.2 99322584.34 86540544 76440764.2 68678385.76 54983418.27 46951280.09 36618255.23 26645641.06 16556484.15 6107008.989 21262.22509 0 0 0 0 0 0 0 0 0 0 0 0 0 0 0 0 0 0 0 0 0 0 0 0 
0 0 0 0 0 0 0 0 0 0 0 0 0 0 0 0 0 0 0 0 0 0 0 0 0 0 0 0 0 58209.01454 459729.4481 534941.5456 638465.6477 899468.5828 1028797.403 1303191.091 1568843.304 1654006.103 1810351.002 1881750.62 2223691.29 2492380.945 2682247.082 3469118.891 3192721.557 3410828.179 3640975.326 3772292.053 4320406.717 3860273.535 4306106.524 4358013.087 4510682.526 3779454.512 4166261.165 4032438.705 3397792.298 3639412.226 3305589.105 3417509.572 2918846.067 3016050.782 2771576.873 2242849.509 1767791.459 2079452.532 1352436.588 1461847.154 1584841.785 1021060.268 1090464.102 796392.3826 619842.1509 358440.054 180836.3477 0 0 0 0 0 0 0 0 0 0 0 0 0 0 0 0 0 0 0 0 0 0 0 0 0 
0 0 0 0 0 0 0 0 0 0 0 0 0 0 0 0 0 0 0 0 0 0 0 0 0 0 0 0 0 0 0 0 0 0 0 0 0 0 0 0 0 0 0 0 0 0 0 0 0 0 0 0 0 0 0 0 0 0 0 0 0 0 0 0 0 0 0 0 0 0 0 0 0 0 0 0 0 0 0 0 0 0 0 0 0 0 0 0 0 0 0 0 0 0 0 0 0 0 0 0 
# Errors [divergence_behind_zapfen_unit/divzapfen.dat] I_err:
0 0 0 0 0 0 0 0 0 0 0 0 0 0 0 0 0 0 0 0 0 0 0 0 0 0 0 0 0 0 0 0 0 0 0 0 0 0 0 0 0 0 0 0 0 0 0 0 0 0 0 0 0 0 0 0 0 0 0 0 0 0 0 0 0 0 0 0 0 0 0 0 0 0 0 0 0 0 0 0 0 0 0 0 0 0 0 0 0 0 0 0 0 0 0 0 0 0 0 0 
0 0 0 0 0 0 0 0 0 0 0 0 0 0 0 0 0 0 0 0 0 0 0 0 0 0 0 0 0 56962.07186 70829.52509 110543.9544 142531.8425 132028.5055 162531.2323 171761.7984 167141.1632 187954.5421 180616.2036 208395.8082 222924.3551 222512.675 232566.1841 235382.5644 255472.6285 266007.2115 293721.5843 263309.1427 290352.5873 273789.4528 307161.2359 313687.6733 272257.4183 277857.8303 261566.1673 274773.5141 290811.5861 245317.9208 254977.5809 251703.8972 223871.0218 231972.0943 192692.735 207391.3688 204379.6223 212376.7185 201390.8414 192171.8241 153448.1046 163193.6522 150353.6318 131355.0468 112822.7693 65963.24731 55637.98359 0 0 0 0 0 0 0 0 0 0 0 0 0 0 0 0 0 0 0 0 0 0 0 0 0 
0 0 0 0 0 0 0 0 0 0 0 0 0 0 0 0 0 0 0 0 0 0 0 0 0 0 53097.27466 193023.669 348540.4244 558933.5077 703685.4672 863095.6167 963018.8042 1047813.159 1168567.083 1229056.26 1315750.316 1373068.615 1446189.601 1550863.602 1596909.862 1631065.149 1713853.122 1798157.28 1838332.938 1850546.358 1917336.509 1993981.473 2033461.416 2088633.511 2080749.538 2066833.605 2033137.024 2009778.131 2001463.03 1960775.768 1925270.649 1858517.3 1834639.862 1774438.615 1729084.175 1686360.913 1587932.162 1543081.366 1447477.677 1391390.634 1317417.859 1220943.726 1124905.423 1076498.684 972265.3468 854631.1569 731748.377 560986.7239 376363.3568 1661.186796 0 0 0 0 0 0 0 0 0 0 0 0 0 0 0 0 0 0 0 0 0 0 0 0 
0 0 0 0 0 0 0 0 0 0 0 0 0 0 0 0 0 0 0 0 0 0 0 0 9671.632196 192558.68 453562.0945 714959.9571 935249.0604 1138656.861 1345772.403 1533560.83 1696475.521 1844547.957 1979982.347 2075023.103 2201169.495 2335504.579 2421422.781 2522359.495 2675331.716 2748047.383 2820783.851 2894736.815 2988648.816 3052541.235 3140619.382 3187463.752 3237621.201 3283648.22 3281730.644 3287173.794 3236202.253 3191037.044 3158676.186 3104199.613 3059056.348 2970039.501 2923431.837 2799286.783 2709650.16 2627264.068 2518324.742 2402086.205 2311647.686 2207655.404 2080507.529 1913428.57 1835895.265 1684777.076 1506570.702 1370271.883 1157392.542 891416.4176 551885.7479 5674.296947 0 0 0 0 0 0 0 0 0 0 0 0 0 0 0 0 0 0 0 0 0 0 0 0 
0 0 0 0 0 0 0 0 0 0 0 0 0 0 0 0 0 0 0 0 0 0 0 0 17612.39188 432010.2122 814010.4993 1125883.104 1390431.056 1672749.274 1879925.095 2112530.127 2251456.931 2469792.393 2578567.927 2764110.891 2908887.009 3020359.949 3167860.63 3325950.739 3401392.898 3522333.875 3639065.433 3747739.163 3848740.28 3909188.744 3970328.095 4054527.218 4118238.604 4177409.001 4198626.784 4134078.084 4080061.967 4071752.168 3988161.082 3967209.376 3899201.043 3766220.27 3660570.742 3551574.386 3440285.094 3299677.342 3200180.056 3048515.031 2949419.742 2769753.612 2651042.31 2502570.047 2316444.916 2121814.984 1917740.857 1712920.78 1414995.147 1118067.063 679061.1786 42114.77046 0 0 0 0 0 0 0 0 0 0 0 0 0 0 0 0 0 0 0 0 0 0 0 0 
0 0 0 0 0 0 0 0 0 0 0 0 0 0 0 0 0 0 0 0 0 0 0 0 10159.86306 610763.456 1083418.409 1419931.287 1739138.824 2047836.811 2283115.917 2519330.32 2739177.255 2929405.816 3106993.37 3278702.579 3473754.196 3630877.166 3751258.941 3887248.531 4056896.854 4183768.523 4311582.352 4449880.554 4536362.944 4619391.784 4673304.448 4754551.589 4822726.176 4894368.889 4893661.898 4838997.273 4791712.183 4748516.8 4679786.942 4646681.205 4561676.16 4401327.842 4294030.274 4163648.317 4028236.167 3861924.8 3736068.973 3594157.376 3427985.884 3262289.081 3123378.486 2881331.677 2689073.165 2492858.344 2267132.621 1986643.098 1686944.333 1316653.469 792648.7837 48546.01312 0 0 0 0 0 0 0 0 0 0 0 0 0 0 0 0 0 0 0 0 0 0 0 0 
0 0 0 0 0 0 0 0 0 0 0 0 0 0 0 0 0 0 0 0 0 0 0 0 45862.14758 713381.1686 1257016.836 1651600.006 2039272.768 2359963.895 2612928.387 2900522.796 3126163.949 3363547.403 3568557.276 3734719.894 3917154.591 4096901.439 4283705.969 4445171.671 4583719.149 4753185.071 4899480.514 5043144.889 5158834.602 5238533.825 5311454.025 5380324.026 5463666.03 5495244.092 5512494.907 5484843.488 5393112.35 5297454.975 5225418.167 5194875.906 5104792.728 4977874.485 4830652.312 4702557.977 4531648.607 4390321.335 4226170.02 4035456.273 3856356.192 3675700.696 3500300.513 3283619.062 3040513.461 2818644.239 2550302.386 2239758.44 1909266.095 1464658.268 874921.209 40624.29805 0 0 0 0 0 0 0 0 0 0 0 0 0 0 0 0 0 0 0 0 0 0 0 0 
0 0 0 0 0 0 0 0 0 0 0 0 0 0 0 0 0 0 0 0 0 0 0 0 51643.30804 871473.4166 1443379.566 1886164.002 2291534.23 2638295.926 2924836.009 3225357.238 3483804.184 3718054.033 3948255.694 4154252.944 4342145.699 4548084.268 4728578.373 4917230.068 5107309.768 5254053.356 5416085.196 5584241.325 5691717.861 5776286.204 5850105.057 5940176.742 5981005.613 6022501.104 6020304.16 5934065.887 5915044.85 5800838.924 5774191.606 5691877.067 5565164.435 5455219.25 5308620.919 5170564.252 5004867.455 4829024.622 4659977.646 4455677.538 4264963.916 4062901.388 3841211.867 3589618.941 3361688.47 3084893.469 2811592.177 2484840.101 2108034.423 1634277.224 1016300.081 51801.33874 0 0 0 0 0 0 0 0 0 0 0 0 0 0 0 0 0 0 0 0 0 0 0 0 
0 0 0 0 0 0 0 0 0 0 0 0 0 0 0 0 0 0 0 0 0 0 0 0 27889.97055 911818.3272 1583990.308 2090273.919 2493235.506 2866255.447 3214844.428 3494804.777 3797031.429 4030943.618 4287791.25 4525485.295 4732838.915 4941062.198 5131912.004 5337513.47 5533839.023 5719091.615 5870567.547 6032492.265 6166321.343 6234029.258 6335264.015 6380960.339 6452617.898 6492836.045 6480127.565 6406797.381 6344445.099 6256687.42 6186093.795 6087527.268 6014696.428 5852187.132 5747339.147 5554184.69 5393582.627 5251749.595 5023362.408 4824731.744 4614251.662 4414133.059 4170472.134 3896507.555 3648655.489 3359903.12 3036655.543 2682459.009 2296995.287 1779694.096 1086575.369 67944.95256 0 0 0 0 0 0 0 0 0 0 0 0 0 0 0 0 0 0 0 0 0 0 0 0 
0 0 0 0 0 0 0 0 0 0 0 0 0 0 0 0 0 0 0 0 0 0 0 0 58014.91683 925147.5667 1632584.056 2151692.911 2602664.309 3006757.011 3397955.22 3740757.497 4016286.329 4292229.421 4573833.365 4797919.434 5069923.292 5279697.501 5495691.229 5725118.298 5865248.061 6085436.313 6251782.725 6462718.318 6531646.278 6640950.818 6727690.73 6813505.797 6833865.123 6925285.05 6871028.161 6801237.962 6718088.482 6625172.031 6527862.033 6451732.827 6379210.935 6222696.254 6058445.309 5908278.158 5771331.872 5562290.814 5356325.062 5177820.036 4949886.381 4700215.082 4466965.894 4209448.126 3900039.553 3608118.054 3251805.453 2882921.787 2431927.84 1902944.09 1137020.202 78545.02685 0 0 0 0 0 0 0 0 0 0 0 0 0 0 0 0 0 0 0 0 0 0 0 0 
0 0 0 0 0 0 0 0 0 0 0 0 0 0 0 0 0 0 0 0 0 0 0 0 63824.32675 967274.7372 1643295.792 2159172.952 2605402.039 3032529.863 3396214.516 3709982.328 4001448.825 4302811.498 4557248.349 4825464.225 5043347.886 5293605.798 5479217.17 5704581.838 5922453.887 6088496.936 6237222.618 6423267.986 6543122.381 6657818.934 6715447.805 6775327.598 6839470.702 6875582.411 6872356.959 6774759.308 6707735.225 6646803.098 6534998.147 6468253.002 6346604.87 6198655.825 6097063.003 5889093.512 5752867.398 5556382.987 5364199.198 5185842.354 4965895.741 4706443.867 4474362.898 4203073.025 3911598.836 3587717.692 3241857.357 2876923.279 2453482.801 1907713.132 1130532.299 63159.93653 0 0 0 0 0 0 0 0 0 0 0 0 0 0 0 0 0 0 0 0 0 0 0 0 
0 0 0 0 0 0 0 0 0 0 0 0 0 0 0 0 0 0 0 0 0 0 0 0 37183.28766 930403.4402 1587464.814 2085244.091 2494052.39 2841817.04 3203099.659 3486686.997 3796395.314 4035117.891 4280674.534 4535773.29 4730876.143 4944672.133 5159432 5342206.47 5541555.973 5713048.585 5876469.303 6044819.498 6149004.815 6247538.829 6341900.738 6376882.26 6448983.197 6520577.773 6483906.355 6402504.979 6318228.455 6222999.142 6185785.408 6123289.437 6029711.177 5869489.652 5735269.924 5541325.318 5428955.461 5234746.955 5047244.543 4869585.282 4617018.831 4410116.683 4186824.099 3897447.111 3637046.198 3382708.484 3013822.071 2706030.874 2291503.85 1786164.231 1044999.035 60143.85608 0 0 0 0 0 0 0 0 0 0 0 0 0 0 0 0 0 0 0 0 0 0 0 0 
0 0 0 0 0 0 0 0 0 0 0 0 0 0 0 0 0 0 0 0 0 0 0 0 71293.06652 867291.9364 1447294.791 1873813.963 2266659.269 2607405.96 2932423.285 3203098.8 3496604.558 3721798.448 3941202.567 4155686 4340939.607 4543200.896 4765133.888 4911740.473 5054169.633 5248137.3 5404647.738 5572366.876 5678368.932 5765831.392 5869924.095 5927998.061 5977947.745 6009079.748 6029861.595 5977379.976 5877412.561 5829193.22 5749129.568 5675960.352 5589646.469 5488088.92 5315562.384 5152568.91 5009032.994 4850615.701 4639528.921 4420948.06 4241865.217 4060939.101 3840850.545 3621001.857 3389154.337 3072249.24 2809301.086 2476363.176 2094553.896 1653326.036 1015397.658 48411.33139 0 0 0 0 0 0 0 0 0 0 0 0 0 0 0 0 0 0 0 0 0 0 0 0 
0 0 0 0 0 0 0 0 0 0 0 0 0 0 0 0 0 0 0 0 0 0 0 0 40150.53404 740905.5938 1281483.841 1680122.306 2026049.316 2334713.219 2620725.18 2909437.741 3117721.99 3346277.703 3551531.652 3720700.26 3932083.664 4106290.612 4272971.6 4421086.695 4566784.65 4745267.616 4911936.373 5044406.291 5154993.811 5247974.912 5315915.185 5392819.86 5471242.138 5493593.059 5489253.66 5422850.322 5374024.273 5307525.055 5276193.392 5205529.749 5094674.806 4987535.31 4859660.201 4708114.49 4562871.006 4395619.077 4240462.342 4037266.471 3867835.366 3693905.556 3485757.09 3289943.509 3045716.961 2811178.072 2548755.297 2240366.399 1901541.793 1458798.36 909720.3241 41903.4556 0 0 0 0 0 0 0 0 0 0 0 0 0 0 0 0 0 0 0 0 0 0 0 0 
0 0 0 0 0 0 0 0 0 0 0 0 0 0 0 0 0 0 0 0 0 0 0 0 50598.02976 642677.9195 1049699.866 1423134.818 1735854.282 2039817.743 2270333.958 2503554.617 2728161.721 2908862.85 3122784.751 3281257.463 3475499.183 3618170.153 3767927.168 3941433.863 4021349.521 4174853.605 4322307.744 4450466.889 4555014.789 4624766.174 4697831.668 4766491.765 4838282.48 4913777.143 4883466.005 4870298.876 4783782.454 4738951.158 4693152.99 4633330.438 4539650.543 4431768.818 4288501.928 4151242.607 4013618.844 3885478.462 3729526.355 3594207.863 3435330.513 3267500.594 3089823.224 2912276.996 2707741.697 2488491.889 2260864.94 1998814.908 1675367.071 1311571.487 791275.5061 36889.41784 0 0 0 0 0 0 0 0 0 0 0 0 0 0 0 0 0 0 0 0 0 0 0 0 
0 0 0 0 0 0 0 0 0 0 0 0 0 0 0 0 0 0 0 0 0 0 0 0 23384.86509 475910.5958 810492.7956 1130805.018 1385913.062 1660090.826 1871433.016 2115516.909 2279449.194 2452297.025 2594442.484 2745779.997 2902142.68 3033797.813 3139949.154 3279965.889 3412761.856 3523148.425 3624850.336 3757887.691 3852621.985 3903543.941 3996431.449 4079093.578 4100229.538 4185932.895 4165263.949 4149119.646 4091518.222 4039893.179 4008997.253 3959652.233 3886502.144 3764342.75 3652621.024 3533240.432 3437933.199 3313148.414 3179101.399 3059146.325 2946999.389 2788882.8 2635080.936 2487573.79 2310532.35 2112519.993 1930465.154 1676935.407 1441803.55 1116864.933 659365.7496 34236.69369 0 0 0 0 0 0 0 0 0 0 0 0 0 0 0 0 0 0 0 0 0 0 0 0 
0 0 0 0 0 0 0 0 0 0 0 0 0 0 0 0 0 0 0 0 0 0 0 0 0 219914.1412 454514.8809 691731.5716 921300.9727 1168078.779 1367147.623 1534091.76 1703995.662 1832209.576 1952649.216 2109184.604 2207114.824 2312123.479 2411766.136 2556732.462 2613218.034 2711360.374 2811738.808 2912636.626 2987655.092 3066830.61 3129734.086 3171210.592 3261483.89 3271802.453 3280119.069 3278944.302 3205034.477 3191092.93 3163368.209 3085705.058 3070359.432 2985987.615 2879816.882 2794395.819 2705109.97 2624729.533 2527806.957 2435229.375 2322383.189 2201648.123 2070816.378 1959998.684 1803023.38 1697657.244 1513549.112 1356181.866 1132295.134 895499.9198 519461.0572 70479.74347 0 0 0 0 0 0 0 0 0 0 0 0 0 0 0 0 0 0 0 0 0 0 0 0 
0 0 0 0 0 0 0 0 0 0 0 0 0 0 0 0 0 0 0 0 0 0 0 0 0 0 68373.50669 194474.8241 374354.2839 550671.0366 689533.7722 850892.7182 960531.016 1063661.658 1135297.092 1229918.038 1322803.9 1394526.983 1445562.608 1511856.018 1607558.963 1650982.726 1738582.436 1767316.723 1839981.702 1860892.869 1950267.402 2000427.197 2055195.761 2077359.456 2054341.773 2046007.982 2031675.566 2020238.133 2007016.117 1977442.888 1941298.558 1878000.871 1846456.449 1759592.482 1706111.762 1662058.859 1585458.172 1537628.779 1465941.808 1423090.932 1316003.914 1247359.455 1183049.236 1044943.325 978683.521 860637.6132 744397.9664 580120.6481 355468.0685 13588.29988 0 0 0 0 0 0 0 0 0 0 0 0 0 0 0 0 0 0 0 0 0 0 0 0 
0 0 0 0 0 0 0 0 0 0 0 0 0 0 0 0 0 0 0 0 0 0 0 0 0 0 0 0 0 37504.61871 103866.3175 110854.3827 115803.6533 132067.5857 145651.0783 166008.5442 181987.3309 179027.0492 193308.4546 183165.4035 210833.1977 224329.9065 230001.272 272033.2534 252204.1692 259923.844 268441.7963 281266.2373 292455.3061 266512.5177 290736.8502 301527.4566 296004.965 269751.0513 291086.7006 283778.3906 252600.2316 263343.1949 254827.5674 266496.1524 247436.9529 245430.5986 232915.3419 208250.0775 177595.4389 206258.9763 156267.8419 166693.3094 184354.8591 141515.4928 143283.3842 125555.1125 120390.2146 86439.66166 72144.92869 0 0 0 0 0 0 0 0 0 0 0 0 0 0 0 0 0 0 0 0 0 0 0 0 0 
0 0 0 0 0 0 0 0 0 0 0 0 0 0 0 0 0 0 0 0 0 0 0 0 0 0 0 0 0 0 0 0 0 0 0 0 0 0 0 0 0 0 0 0 0 0 0 0 0 0 0 0 0 0 0 0 0 0 0 0 0 0 0 0 0 0 0 0 0 0 0 0 0 0 0 0 0 0 0 0 0 0 0 0 0 0 0 0 0 0 0 0 0 0 0 0 0 0 0 0 
# Events [divergence_behind_zapfen_unit/divzapfen.dat] N:
0 0 0 0 0 0 0 0 0 0 0 0 0 0 0 0 0 0 0 0 0 0 0 0 0 0 0 0 0 0 0 0 0 0 0 0 0 0 0 0 0 0 0 0 0 0 0 0 0 0 0 0 0 0 0 0 0 0 0 0 0 0 0 0 0 0 0 0 0 0 0 0 0 0 0 0 0 0 0 0 0 0 0 0 0 0 0 0 0 0 0 0 0 0 0 0 0 0 0 0 
0 0 0 0 0 0 0 0 0 0 0 0 0 0 0 0 0 0 0 0 0 0 0 0 0 0 0 0 0 15 46 103 124 140 167 226 254 289 293 333 380 398 456 473 535 584 629 591 595 694 708 706 622 683 607 654 636 573 531 517 488 450 380 395 337 312 287 255 221 180 159 119 97 56 17 0 0 0 0 0 0 0 0 0 0 0 0 0 0 0 0 0 0 0 0 0 0 0 0 0 
0 0 0 0 0 0 0 0 0 0 0 0 0 0 0 0 0 0 0 0 0 0 0 0 0 0 24 275 1012 2469 4026 5702 7337 8905 10748 12201 13743 15363 16917 18679 20618 21644 23568 25056 26787 28138 29811 31883 32556 34350 34766 34018 33457 32744 31982 30992 29775 28484 26829 25474 23540 22284 20215 18856 17159 15503 13686 12086 10632 9125 7535 5847 4197 2491 951 3 0 0 0 0 0 0 0 0 0 0 0 0 0 0 0 0 0 0 0 0 0 0 0 0 
0 0 0 0 0 0 0 0 0 0 0 0 0 0 0 0 0 0 0 0 0 0 0 0 2 316 1650 3964 7113 10792 14954 18818 23070 27167 31330 35418 39117 43108 47112 51163 56240 59568 63812 67604 71255 75141 78672 80979 84315 87059 86997 85652 83665 81660 79796 77758 74607 71523 67489 62651 59225 55278 50849 46789 42617 38734 34715 30388 26606 22803 18526 14460 10469 6393 2301 9 0 0 0 0 0 0 0 0 0 0 0 0 0 0 0 0 0 0 0 0 0 0 0 0 
0 0 0 0 0 0 0 0 0 0 0 0 0 0 0 0 0 0 0 0 0 0 0 0 5 1612 5380 9952 15706 21925 28235 34985 41548 48121 54291 60632 67493 73807 80661 86871 93038 99834 106090 112286 118672 122637 127203 131909 134658 139153 139737 136699 132978 130736 127826 125162 120679 113784 107854 101054 94086 88042 81586 75025 68658 62179 55251 49312 43060 36280 29356 23035 16808 10266 3709 17 0 0 0 0 0 0 0 0 0 0 0 0 0 0 0 0 0 0 0 0 0 0 0 0 
0 0 0 0 0 0 0 0 0 0 0 0 0 0 0 0 0 0 0 0 0 0 0 0 5 3083 9069 16315 24273 32711 41859 50975 59719 68227 76727 86233 95219 103956 113293 121979 131178 139895 148686 157669 166086 171001 175882 181362 186878 191405 191595 187205 183633 180043 174767 171219 164796 156318 148389 138927 129590 120733 112115 103827 94459 85083 76356 67068 58431 49415 41006 31670 22798 14006 5039 33 0 0 0 0 0 0 0 0 0 0 0 0 0 0 0 0 0 0 0 0 0 0 0 0 
0 0 0 0 0 0 0 0 0 0 0 0 0 0 0 0 0 0 0 0 0 0 0 0 17 4414 12853 22564 32863 44158 55032 66681 78040 89440 101021 111911 123086 134805 145591 157577 168636 179950 191006 201839 211882 218612 225172 231477 237983 242519 242062 237052 230808 226700 221163 215945 208648 198174 187044 176440 165876 154011 142140 131467 119617 108585 96574 85500 74202 63593 51521 40363 28996 17608 6370 22 0 0 0 0 0 0 0 0 0 0 0 0 0 0 0 0 0 0 0 0 0 0 0 0 
0 0 0 0 0 0 0 0 0 0 0 0 0 0 0 0 0 0 0 0 0 0 0 0 16 5747 16618 28705 41522 55666 69119 82533 96449 109832 123638 138157 151610 165322 178597 192021 206250 220052 233623 247690 258175 267383 273173 280477 284978 291003 289875 283583 277267 270579 265455 258340 249427 238250 227069 213906 201124 186989 173688 159039 145614 131199 117303 104470 90607 76321 63029 49140 35358 21501 7819 28 0 0 0 0 0 0 0 0 0 0 0 0 0 0 0 0 0 0 0 0 0 0 0 0 
0 0 0 0 0 0 0 0 0 0 0 0 0 0 0 0 0 0 0 0 0 0 0 0 20 6913 20394 34546 50030 66439 82010 98558 114884 130370 146163 162540 179065 195604 211972 227812 244067 260320 275435 292148 303287 312167 318899 325256 331494 336460 335183 327409 320389 312097 304437 296275 287367 274570 262221 248298 233696 218758 202746 186732 170828 155131 139123 122565 106496 90181 74025 57635 41704 25375 9003 36 0 0 0 0 0 0 0 0 0 0 0 0 0 0 0 0 0 0 0 0 0 0 0 0 
0 0 0 0 0 0 0 0 0 0 0 0 0 0 0 0 0 0 0 0 0 0 0 0 22 7071 21583 37199 54839 72999 92214 110947 129133 147612 166488 184440 204360 220906 240947 259235 276045 295100 311191 330210 342840 352092 359810 366493 373130 377456 375590 366902 358451 350514 340111 331118 321210 307948 293438 278044 262397 246776 229038 212896 194744 177205 159556 140715 121831 104032 84842 66868 47858 28999 10430 36 0 0 0 0 0 0 0 0 0 0 0 0 0 0 0 0 0 0 0 0 0 0 0 0 
0 0 0 0 0 0 0 0 0 0 0 0 0 0 0 0 0 0 0 0 0 0 0 0 29 7264 21177 37455 54671 73256 92154 110590 129027 148533 166121 184454 203201 222080 240481 259151 277600 294694 311929 330043 341415 350228 359344 366040 373255 378550 375826 367980 358901 349858 340308 332116 321224 307521 294410 277357 263371 246639 229180 212802 195774 177628 159179 140068 122476 103398 85080 66242 47847 29222 10644 37 0 0 0 0 0 0 0 0 0 0 0 0 0 0 0 0 0 0 0 0 0 0 0 0 
0 0 0 0 0 0 0 0 0 0 0 0 0 0 0 0 0 0 0 0 0 0 0 0 19 6989 20158 34617 49893 65532 82396 98036 114856 130143 146536 163444 179367 195615 211475 227621 244155 260035 275394 291687 303238 310593 318968 326556 330978 336862 335129 326393 320034 311660 304489 297366 287474 274929 261527 247181 233851 218962 202812 187335 171138 154898 138283 121704 105936 90253 73410 58246 41643 25526 9377 27 0 0 0 0 0 0 0 0 0 0 0 0 0 0 0 0 0 0 0 0 0 0 0 0 
0 0 0 0 0 0 0 0 0 0 0 0 0 0 0 0 0 0 0 0 0 0 0 0 30 5780 16674 28578 41418 54962 69178 82494 96172 110288 124006 137212 151594 164940 178569 192470 206282 219708 233225 247585 258159 265807 273940 279765 285640 290397 290678 284445 275846 270633 264167 258043 250330 237638 226449 212916 199911 186664 172784 158864 144306 131770 117827 103919 90719 76269 63046 49113 35144 21705 7844 31 0 0 0 0 0 0 0 0 0 0 0 0 0 0 0 0 0 0 0 0 0 0 0 0 
0 0 0 0 0 0 0 0 0 0 0 0 0 0 0 0 0 0 0 0 0 0 0 0 22 4400 13010 22344 32868 43851 55511 66603 78233 89727 100961 111678 123236 135444 146267 156754 168396 178590 191723 202657 211842 218114 224989 231949 238271 241709 241815 237035 231056 226315 220331 215486 208236 198714 187387 176278 164677 153863 142871 130898 119406 108173 96935 85812 74587 63269 51756 40216 29328 17746 6465 33 0 0 0 0 0 0 0 0 0 0 0 0 0 0 0 0 0 0 0 0 0 0 0 0 
0 0 0 0 0 0 0 0 0 0 0 0 0 0 0 0 0 0 0 0 0 0 0 0 14 2990 9118 16107 24409 33206 42018 50537 59464 68524 77516 86526 95056 104519 113209 122649 130318 139810 149174 157798 164535 170246 176176 181755 186785 191571 191236 187922 182752 179516 175209 170829 164999 156589 147740 138706 129269 120985 110948 102736 94270 85087 76260 67272 58256 49613 40866 31757 22699 13882 5038 19 0 0 0 0 0 0 0 0 0 0 0 0 0 0 0 0 0 0 0 0 0 0 0 0 
0 0 0 0 0 0 0 0 0 0 0 0 0 0 0 0 0 0 0 0 0 0 0 0 7 1629 5357 10068 15643 21869 28210 34999 41271 47848 54297 60853 67215 73630 79950 86647 93018 99327 105702 112643 117972 123071 126988 132199 135660 139619 139642 137215 133787 130990 128543 125082 120566 113928 107239 101010 94660 88119 81554 75130 68688 62317 55690 48714 42591 35905 29486 22534 16653 10094 3614 13 0 0 0 0 0 0 0 0 0 0 0 0 0 0 0 0 0 0 0 0 0 0 0 0 
0 0 0 0 0 0 0 0 0 0 0 0 0 0 0 0 0 0 0 0 0 0 0 0 0 334 1654 3866 6987 10895 14829 18865 23202 27201 30788 35317 39145 43162 47463 51539 55449 59575 63865 67434 71705 75355 78022 81112 84567 86288 86886 85374 82770 82002 80258 77428 75267 71284 66544 62801 59238 55151 50590 46977 42888 38544 34767 30839 26421 22811 18488 14449 10457 6351 2245 14 0 0 0 0 0 0 0 0 0 0 0 0 0 0 0 0 0 0 0 0 0 0 0 0 
0 0 0 0 0 0 0 0 0 0 0 0 0 0 0 0 0 0 0 0 0 0 0 0 0 0 18 303 1099 2419 4043 5750 7347 9106 10542 12294 13996 15277 17010 18692 20443 22055 23801 24812 26810 28374 30123 31312 33075 34100 34752 33875 33471 32815 31791 31193 30242 28579 26909 25173 23677 22144 20382 18956 17043 15710 13951 12074 10832 9061 7293 5802 4114 2538 929 4 0 0 0 0 0 0 0 0 0 0 0 0 0 0 0 0 0 0 0 0 0 0 0 0 
0 0 0 0 0 0 0 0 0 0 0 0 0 0 0 0 0 0 0 0 0 0 0 0 0 0 0 0 0 12 59 79 117 146 201 222 229 261 310 340 364 404 436 474 516 568 607 584 642 672 708 687 737 658 672 655 598 616 534 515 457 485 421 350 346 339 269 256 242 191 170 125 82 50 19 0 0 0 0 0 0 0 0 0 0 0 0 0 0 0 0 0 0 0 0 0 0 0 0 0 
0 0 0 0 0 0 0 0 0 0 0 0 0 0 0 0 0 0 0 0 0 0 0 0 0 0 0 0 0 0 0 0 0 0 0 0 0 0 0 0 0 0 0 0 0 0 0 0 0 0 0 0 0 0 0 0 0 0 0 0 0 0 0 0 0 0 0 0 0 0 0 0 0 0 0 0 0 0 0 0 0 0 0 0 0 0 0 0 0 0 0 0 0 0 0 0 0 0 0 0 
