# Format: McCode with text headers
# URL: http://www.mccode.org
# Creator: 
# Instrument: BOA_beamline_monitors.instr
# Ncount: 25000000
# Trace: no
# Gravitation: no
# Seed: 1000
# Directory: BOA_1-9AA_1e8/0
# Nodes: 8
# Param: flagin=0
# Param: trompete_exit_slit_width=0.04
# Param: trompete_exit_slit_height=0.04
# Param: Lmin=1
# Param: Lmax=9
# Param: threshold=1e-12
# Date: Wed Jan  4 16:02:32 2023 (1672844552)
# type: array_1d(1001)
# Source: BOA_RNR51 (BOA_beamline_monitors.instr)
# component: Brill
# position: -0.0145 0 8.62863
# title: Mean brilliance
# Ncount: 200000000
# filename: Mean_Brilliance.dat
# statistics: X0=4.39984; dX=1.79634;
# signal: Min=1.72044e+10; Max=2.50683e+11; Mean=1.26549e+11;
# values: 1.26675e+14 1.36107e+11 3.45805e+06
# xvar: Mean
# yvar: (I,I_err)
# xlabel: Wavelength [AA]
# ylabel: Mean Brilliance
# xlimits: 1 9
# variables: Mean I I_err N
1.003996004 1.897533896e+10 3905653269 126 
1.011988012 1.788957467e+10 3787583692 138 
1.01998002 1.989135774e+10 3792486360 121 
1.027972028 1.7204379e+10 3844730024 119 
1.035964036 2.203058144e+10 4161181726 143 
1.043956044 2.558778045e+10 4508362011 156 
1.051948052 2.221964405e+10 4116641969 151 
1.05994006 2.166454365e+10 4193503540 157 
1.067932068 1.925606451e+10 4057966550 157 
1.075924076 2.81277067e+10 4981130632 150 
1.083916084 2.614542819e+10 4699597580 163 
1.091908092 3.50758173e+10 5537835937 173 
1.0999001 2.801612675e+10 4983411508 189 
1.107892108 3.014654081e+10 4988124951 193 
1.115884116 2.487968884e+10 4520934678 197 
1.123876124 2.724007344e+10 4945379227 187 
1.131868132 3.42910815e+10 5227312078 206 
1.13986014 3.784897334e+10 5771706993 203 
1.147852148 3.289848237e+10 5195879128 213 
1.155844156 3.032156643e+10 5058191149 231 
1.163836164 3.084479445e+10 5079185022 210 
1.171828172 3.877503694e+10 5658784664 229 
1.17982018 4.630206057e+10 6398656639 220 
1.187812188 4.50958337e+10 6200579363 247 
1.195804196 4.660398821e+10 6395855916 235 
1.203796204 4.077582443e+10 5967481707 235 
1.211788212 3.851487891e+10 5764617412 247 
1.21978022 4.540342683e+10 6190999398 270 
1.227772228 4.522257551e+10 6253121968 305 
1.235764236 3.685354891e+10 5514757353 246 
1.243756244 4.392823226e+10 6008613024 283 
1.251748252 4.359650761e+10 5980748916 286 
1.25974026 4.727107635e+10 6277546847 313 
1.267732268 3.484798707e+10 5386347133 299 
1.275724276 4.562748284e+10 6241652379 313 
1.283716284 5.865653297e+10 7088259823 355 
1.291708292 4.705239454e+10 6332463601 315 
1.2997003 4.063617619e+10 5648413000 283 
1.307692308 5.1138193e+10 6589417127 338 
1.315684316 5.474084497e+10 6633437825 329 
1.323676324 5.70430098e+10 6893059942 368 
1.331668332 3.926780961e+10 5466110813 338 
1.33966034 5.984688476e+10 7021403590 369 
1.347652348 4.998323792e+10 6447478423 366 
1.355644356 5.72811891e+10 6803588237 339 
1.363636364 4.72641714e+10 5990433856 423 
1.371628372 5.627687862e+10 6770130681 394 
1.37962038 5.709614599e+10 6720427923 412 
1.387612388 7.172067554e+10 7829085583 397 
1.395604396 6.582671567e+10 7269478641 445 
1.403596404 6.641090056e+10 7285894391 453 
1.411588412 5.718623002e+10 6796214090 415 
1.41958042 6.559062724e+10 7186958704 474 
1.427572428 6.243006998e+10 7043926389 453 
1.435564436 6.079440099e+10 6725567263 448 
1.443556444 7.165723938e+10 7555095105 469 
1.451548452 7.263094262e+10 7483455875 498 
1.45954046 7.096282709e+10 7150265754 507 
1.467532468 7.6354982e+10 7680088325 503 
1.475524476 7.859212008e+10 7693891602 542 
1.483516484 8.589288266e+10 8085425408 551 
1.491508492 6.850057573e+10 7127933112 554 
1.4995005 8.339995186e+10 7827644167 573 
1.507492507 8.636033258e+10 8029560576 572 
1.515484515 7.375159064e+10 7284977877 563 
1.523476523 6.353331356e+10 6720878139 586 
1.531468531 6.507766529e+10 6943294870 551 
1.539460539 7.077942114e+10 7111601934 622 
1.547452547 7.921062037e+10 7535209254 629 
1.555444555 7.930165314e+10 7549269157 614 
1.563436563 8.368190246e+10 7660314811 666 
1.571428571 8.71688088e+10 7810809686 647 
1.579420579 9.66172392e+10 8219623268 674 
1.587412587 8.867405671e+10 7799755413 701 
1.595404595 8.47522229e+10 7710722619 725 
1.603396603 9.427555403e+10 8006947841 692 
1.611388611 7.882548609e+10 7201317874 698 
1.619380619 8.112931745e+10 7252952534 741 
1.627372627 8.286420604e+10 7394311390 726 
1.635364635 9.373590291e+10 7900982311 774 
1.643356643 8.171023759e+10 7170724470 782 
1.651348651 7.558780473e+10 6821972917 817 
1.659340659 1.01301568e+11 8171998778 790 
1.667332667 8.152038938e+10 7080945918 885 
1.675324675 8.391700977e+10 7318203169 833 
1.683316683 9.497690714e+10 7828565864 847 
1.691308691 9.201181607e+10 7615908637 917 
1.699300699 9.26223392e+10 7569022342 893 
1.707292707 1.01760122e+11 7873302633 915 
1.715284715 1.032634047e+11 7839379410 935 
1.723276723 9.785581173e+10 7736211374 1000 
1.731268731 9.129440801e+10 7388533083 973 
1.739260739 9.602475235e+10 7482436118 1005 
1.747252747 1.020315493e+11 7743261575 1025 
1.755244755 1.074757542e+11 7903050347 1004 
1.763236763 9.512224225e+10 7329857146 1019 
1.771228771 9.124916355e+10 7179150294 1038 
1.779220779 9.976418681e+10 7526467348 1046 
1.787212787 8.642490922e+10 6850241046 1140 
1.795204795 9.578766986e+10 7289049092 1127 
1.803196803 1.04091299e+11 7536712988 1181 
1.811188811 1.089259308e+11 7791504180 1117 
1.819180819 1.001926468e+11 7345054334 1096 
1.827172827 1.10154412e+11 7647131508 1104 
1.835164835 1.070105274e+11 7634333737 1200 
1.843156843 1.069669602e+11 7565736296 1148 
1.851148851 1.10631083e+11 7528900659 1184 
1.859140859 1.000357872e+11 7152513404 1169 
1.867132867 1.075312942e+11 7425525706 1220 
1.875124875 1.116697802e+11 7553378410 1232 
1.883116883 1.201678842e+11 7873539169 1293 
1.891108891 1.209210479e+11 7908548222 1265 
1.899100899 1.098684015e+11 7341874929 1294 
1.907092907 1.164291683e+11 7485344251 1314 
1.915084915 1.213623558e+11 7620567026 1280 
1.923076923 1.24471989e+11 7767984337 1231 
1.931068931 1.137391242e+11 7396560806 1277 
1.939060939 1.049843536e+11 6949502323 1331 
1.947052947 1.168555143e+11 7383287508 1371 
1.955044955 1.257877948e+11 7613935814 1382 
1.963036963 1.145581271e+11 7229834857 1400 
1.971028971 1.167518953e+11 7192704477 1395 
1.979020979 1.105277938e+11 6996321761 1323 
1.987012987 1.118082052e+11 7006906548 1351 
1.995004995 1.240410996e+11 7454538327 1400 
2.002997003 1.042453141e+11 6707315580 1350 
2.010989011 1.157273688e+11 7085053313 1455 
2.018981019 1.291293265e+11 7401839412 1464 
2.026973027 1.200174969e+11 7210372922 1448 
2.034965035 1.460690429e+11 7912517664 1510 
2.042957043 1.289048489e+11 7377733514 1461 
2.050949051 1.402894985e+11 7632264334 1502 
2.058941059 1.298386412e+11 7227136672 1561 
2.066933067 1.363249388e+11 7538487460 1526 
2.074925075 1.186519292e+11 6864899747 1498 
2.082917083 1.185485002e+11 6806689341 1522 
2.090909091 1.298235516e+11 7211685522 1519 
2.098901099 1.326290168e+11 7179293316 1560 
2.106893107 1.326792853e+11 7210884833 1565 
2.114885115 1.249100748e+11 6943912903 1578 
2.122877123 1.373311687e+11 7240532399 1634 
2.130869131 1.372271439e+11 7175796250 1631 
2.138861139 1.376253383e+11 7171673854 1641 
2.146853147 1.521513763e+11 7546410952 1694 
2.154845155 1.344574999e+11 7047338525 1671 
2.162837163 1.485600232e+11 7346222549 1738 
2.170829171 1.375080248e+11 7084328313 1632 
2.178821179 1.37988281e+11 7027383437 1655 
2.186813187 1.397277969e+11 7140841725 1680 
2.194805195 1.310650292e+11 6801145600 1709 
2.202797203 1.313322245e+11 6785016925 1690 
2.210789211 1.414677169e+11 6978539514 1757 
2.218781219 1.396236366e+11 6975029549 1748 
2.226773227 1.385194397e+11 6872112459 1746 
2.234765235 1.352099256e+11 6759019739 1725 
2.242757243 1.420088616e+11 6929612459 1853 
2.250749251 1.503663658e+11 7082376284 1867 
2.258741259 1.524888141e+11 7068855127 1810 
2.266733267 1.545205076e+11 7093327483 1838 
2.274725275 1.510330433e+11 7010281154 1861 
2.282717283 1.558594841e+11 7053769518 1862 
2.290709291 1.491011413e+11 6891815153 1818 
2.298701299 1.480155906e+11 6784312505 1861 
2.306693307 1.460406361e+11 6733406099 1907 
2.314685315 1.566865622e+11 6976336529 1929 
2.322677323 1.604237723e+11 6981295086 1939 
2.330669331 1.625077543e+11 7051399129 1870 
2.338661339 1.514188737e+11 6743895972 1860 
2.346653347 1.566976193e+11 6834535807 1891 
2.354645355 1.582971993e+11 6847932011 1972 
2.362637363 1.617986915e+11 6918262083 1914 
2.370629371 1.524165028e+11 6628007452 1898 
2.378621379 1.496816848e+11 6538381526 1955 
2.386613387 1.557609951e+11 6664805084 1979 
2.394605395 1.60383382e+11 6705810959 1952 
2.402597403 1.533801136e+11 6548135035 2003 
2.410589411 1.507433857e+11 6458479274 1972 
2.418581419 1.557904818e+11 6553651322 1970 
2.426573427 1.483574385e+11 6393141031 1901 
2.434565435 1.552212138e+11 6468613136 2036 
2.442557443 1.528254108e+11 6316132261 1968 
2.450549451 1.71645922e+11 6725049175 2080 
2.458541459 1.654332419e+11 6592572063 2092 
2.466533467 1.636183632e+11 6526019831 2035 
2.474525475 1.719688755e+11 6695475081 2170 
2.482517483 1.567871904e+11 6327051458 2082 
2.490509491 1.608686304e+11 6373120601 2063 
2.498501499 1.698895395e+11 6544470261 2116 
2.506493506 1.730462348e+11 6607745461 2097 
2.514485514 1.699173149e+11 6495390373 2126 
2.522477522 1.864665357e+11 6836898444 2120 
2.53046953 1.713938803e+11 6472669539 2096 
2.538461538 1.681864869e+11 6354427511 2128 
2.546453546 1.732456791e+11 6488052948 2072 
2.554445554 1.809457725e+11 6591784158 2150 
2.562437562 1.658208517e+11 6234908892 2121 
2.57042957 1.773466321e+11 6464299157 2131 
2.578421578 1.659434422e+11 6211039270 2139 
2.586413586 1.780931081e+11 6426146313 2166 
2.594405594 1.752922107e+11 6351256624 2219 
2.602397602 1.829162466e+11 6470541371 2191 
2.61038961 1.763745321e+11 6309831874 2179 
2.618381618 1.79780687e+11 6329721302 2210 
2.626373626 1.798868498e+11 6362249314 2179 
2.634365634 1.925232683e+11 6592412547 2261 
2.642357642 2.011633981e+11 6674843420 2235 
2.65034965 1.848738706e+11 6346834106 2251 
2.658341658 1.86664922e+11 6380271262 2233 
2.666333666 1.752118741e+11 6115762164 2209 
2.674325674 1.832474913e+11 6262311625 2214 
2.682317682 1.882106423e+11 6254106732 2328 
2.69030969 1.906770417e+11 6331845649 2301 
2.698301698 1.905687781e+11 6299149673 2291 
2.706293706 1.902273288e+11 6337148171 2264 
2.714285714 1.882918625e+11 6190328065 2302 
2.722277722 2.108276741e+11 6567203538 2419 
2.73026973 1.853816284e+11 6166421199 2230 
2.738261738 1.81324994e+11 6038937490 2235 
2.746253746 2.022730249e+11 6357570737 2352 
2.754245754 1.918479288e+11 6224459541 2306 
2.762237762 2.056658544e+11 6398437498 2400 
2.77022977 2.049362327e+11 6398629993 2389 
2.778221778 1.940883545e+11 6166072193 2250 
2.786213786 2.069452976e+11 6379802692 2385 
2.794205794 2.051925242e+11 6325182610 2371 
2.802197802 2.126577032e+11 6395872009 2420 
2.81018981 2.070833832e+11 6269804421 2460 
2.818181818 2.137291859e+11 6406243596 2441 
2.826173826 1.955295343e+11 6046172047 2384 
2.834165834 2.083292271e+11 6267608071 2369 
2.842157842 2.054969153e+11 6163791319 2483 
2.85014985 2.158912235e+11 6375117468 2415 
2.858141858 2.121678621e+11 6292571572 2396 
2.866133866 2.030006505e+11 6109432202 2376 
2.874125874 2.028009784e+11 6089824488 2392 
2.882117882 2.147434684e+11 6229902048 2534 
2.89010989 2.123821275e+11 6234528853 2419 
2.898101898 2.189009547e+11 6284915543 2470 
2.906093906 2.020557199e+11 6015487311 2421 
2.914085914 2.017936039e+11 5987700483 2324 
2.922077922 2.140931939e+11 6184677092 2514 
2.93006993 2.178657087e+11 6165934707 2597 
2.938061938 2.089008901e+11 6046173303 2452 
2.946053946 2.251711145e+11 6277252634 2584 
2.954045954 2.277585161e+11 6305190263 2539 
2.962037962 2.178101779e+11 6121486793 2520 
2.97002997 2.18968324e+11 6145589124 2471 
2.978021978 2.097490798e+11 5974410969 2474 
2.986013986 2.227341834e+11 6190404888 2525 
2.994005994 2.155402902e+11 6037660338 2536 
3.001998002 2.209750595e+11 6120816269 2515 
3.00999001 2.249235867e+11 6143487504 2536 
3.017982018 2.280006414e+11 6205548856 2493 
3.025974026 2.254379522e+11 6147320140 2539 
3.033966034 2.223550881e+11 6089918747 2553 
3.041958042 2.195129207e+11 6030867029 2534 
3.04995005 2.206480148e+11 6020992260 2572 
3.057942058 2.222127219e+11 6042536035 2609 
3.065934066 2.303618203e+11 6139553363 2591 
3.073926074 2.216417321e+11 6038336995 2493 
3.081918082 2.180186863e+11 5943532240 2565 
3.08991009 2.347395315e+11 6166603309 2644 
3.097902098 2.292816404e+11 6049459609 2591 
3.105894106 2.397960774e+11 6199464958 2712 
3.113886114 2.360029502e+11 6132860577 2657 
3.121878122 2.257034143e+11 5987543664 2611 
3.12987013 2.272522815e+11 5961430808 2677 
3.137862138 2.366603799e+11 6109256813 2650 
3.145854146 2.180071233e+11 5819281713 2543 
3.153846154 2.299215848e+11 6005867707 2637 
3.161838162 2.248761968e+11 5911196525 2583 
3.16983017 2.376575788e+11 6078958167 2656 
3.177822178 2.258757565e+11 5870847427 2620 
3.185814186 2.327086656e+11 5964403935 2698 
3.193806194 2.264696196e+11 5881921571 2626 
3.201798202 2.378256882e+11 6012685624 2693 
3.20979021 2.335749596e+11 5945747323 2716 
3.217782218 2.366726982e+11 5958906423 2747 
3.225774226 2.340433497e+11 5931291325 2721 
3.233766234 2.29677649e+11 5822976112 2728 
3.241758242 2.34090033e+11 5891803162 2725 
3.24975025 2.351060885e+11 5905410880 2708 
3.257742258 2.2786176e+11 5803679885 2639 
3.265734266 2.326958277e+11 5846849725 2699 
3.273726274 2.316189342e+11 5806766154 2702 
3.281718282 2.341932187e+11 5827122355 2683 
3.28971029 2.331922397e+11 5805513912 2793 
3.297702298 2.364551635e+11 5837782794 2701 
3.305694306 2.45975238e+11 5913176789 2790 
3.313686314 2.402594039e+11 5881829851 2774 
3.321678322 2.324637366e+11 5753613739 2760 
3.32967033 2.412923937e+11 5850640704 2791 
3.337662338 2.343916693e+11 5758148067 2733 
3.345654346 2.430718731e+11 5886190311 2745 
3.353646354 2.276273467e+11 5645950825 2665 
3.361638362 2.335486074e+11 5704644965 2709 
3.36963037 2.37599765e+11 5762971897 2793 
3.377622378 2.330576211e+11 5647723241 2753 
3.385614386 2.360022011e+11 5701241187 2757 
3.393606394 2.409447298e+11 5759380194 2777 
3.401598402 2.346589798e+11 5667000473 2726 
3.40959041 2.506832851e+11 5833141269 2881 
3.417582418 2.413799783e+11 5742825550 2825 
3.425574426 2.324627307e+11 5606352033 2695 
3.433566434 2.321429138e+11 5578601567 2701 
3.441558442 2.387213053e+11 5664317109 2787 
3.44955045 2.434071344e+11 5687844342 2885 
3.457542458 2.311208765e+11 5552504782 2755 
3.465534466 2.380430754e+11 5637650824 2750 
3.473526474 2.377936556e+11 5596591851 2867 
3.481518482 2.299360914e+11 5490165323 2751 
3.48951049 2.303416574e+11 5498144152 2746 
3.497502498 2.469697298e+11 5675120846 2874 
3.505494505 2.373668285e+11 5543302481 2853 
3.513486513 2.285408158e+11 5422492278 2770 
3.521478521 2.433660093e+11 5596490296 2847 
3.529470529 2.29557571e+11 5405650769 2804 
3.537462537 2.342978581e+11 5474047313 2873 
3.545454545 2.377776359e+11 5494236377 2836 
3.553446553 2.305766276e+11 5403674670 2827 
3.561438561 2.234022257e+11 5301368444 2758 
3.569430569 2.506620649e+11 5621285569 2964 
3.577422577 2.371056513e+11 5449393833 2875 
3.585414585 2.377081874e+11 5447032723 2899 
3.593406593 2.35679971e+11 5403986449 2868 
3.601398601 2.377775923e+11 5418538054 2872 
3.609390609 2.430498229e+11 5454177675 3040 
3.617382617 2.35259869e+11 5365281499 2844 
3.625374625 2.358909408e+11 5356372601 2880 
3.633366633 2.473508433e+11 5490516073 3033 
3.641358641 2.337343428e+11 5324086137 2824 
3.649350649 2.358247245e+11 5329048957 2928 
3.657342657 2.346103119e+11 5306400409 2929 
3.665334665 2.358376939e+11 5301600878 2879 
3.673326673 2.381521884e+11 5327181279 2979 
3.681318681 2.283645788e+11 5229359121 2770 
3.689310689 2.395724727e+11 5327430905 2984 
3.697302697 2.340480835e+11 5253438455 2913 
3.705294705 2.334884501e+11 5229130108 2899 
3.713286713 2.360365419e+11 5245585080 2967 
3.721278721 2.396442927e+11 5278374933 2987 
3.729270729 2.368492067e+11 5236745769 3025 
3.737262737 2.330578875e+11 5187591645 2989 
3.745254745 2.285600175e+11 5144314503 2880 
3.753246753 2.316041909e+11 5142689315 2969 
3.761238761 2.252231644e+11 5059837071 2886 
3.769230769 2.244527545e+11 5044732085 2918 
3.777222777 2.388077654e+11 5205910384 3008 
3.785214785 2.326507512e+11 5114862539 3017 
3.793206793 2.382714638e+11 5172329551 3007 
3.801198801 2.357987708e+11 5151194563 2991 
3.809190809 2.376760625e+11 5178247493 3043 
3.817182817 2.410207277e+11 5180401562 3078 
3.825174825 2.322054343e+11 5059457628 3053 
3.833166833 2.392573681e+11 5142328731 3063 
3.841158841 2.322454156e+11 5041184349 3046 
3.849150849 2.368585032e+11 5091482186 3079 
3.857142857 2.303904653e+11 5001233869 3031 
3.865134865 2.276636017e+11 4964015337 3004 
3.873126873 2.370594738e+11 5046034791 3076 
3.881118881 2.294940928e+11 4952205041 3032 
3.889110889 2.38955033e+11 5046329812 3175 
3.897102897 2.301940186e+11 4952395452 3063 
3.905094905 2.279711847e+11 4917783985 3007 
3.913086913 2.222263781e+11 4832291960 3015 
3.921078921 2.298081266e+11 4917545891 3060 
3.929070929 2.240675238e+11 4845912197 3055 
3.937062937 2.286379408e+11 4877873835 3126 
3.945054945 2.250728299e+11 4842446836 3019 
3.953046953 2.239892835e+11 4806211909 3046 
3.961038961 2.343353659e+11 4915200804 3200 
3.969030969 2.192428094e+11 4745187261 3077 
3.977022977 2.270932587e+11 4812432030 3101 
3.985014985 2.215177879e+11 4741101095 3132 
3.993006993 2.293848611e+11 4821560838 3177 
4.000999001 2.326412036e+11 4844826767 3200 
4.008991009 2.21129861e+11 4725668501 3084 
4.016983017 2.279746491e+11 4770866468 3195 
4.024975025 2.293287853e+11 4800495087 3132 
4.032967033 2.267014479e+11 4755633663 3183 
4.040959041 2.14208558e+11 4608598961 3015 
4.048951049 2.227324944e+11 4680598536 3140 
4.056943057 2.191032601e+11 4659386929 3049 
4.064935065 2.225512558e+11 4670423223 3131 
4.072927073 2.278511667e+11 4719727389 3196 
4.080919081 2.184969184e+11 4610920752 3113 
4.088911089 2.215018118e+11 4632011035 3176 
4.096903097 2.191794035e+11 4597304147 3135 
4.104895105 2.19504424e+11 4592320802 3147 
4.112887113 2.18322505e+11 4572040298 3184 
4.120879121 2.161839676e+11 4541257227 3160 
4.128871129 2.189351287e+11 4559470698 3154 
4.136863137 2.261516435e+11 4638883335 3218 
4.144855145 2.200462638e+11 4563512853 3187 
4.152847153 2.186195823e+11 4528460075 3242 
4.160839161 2.255070662e+11 4594218656 3280 
4.168831169 2.195488002e+11 4519819814 3252 
4.176823177 2.13623029e+11 4463312443 3160 
4.184815185 2.123466143e+11 4435632814 3156 
4.192807193 2.144687598e+11 4446738397 3230 
4.200799201 2.165259452e+11 4469092182 3222 
4.208791209 2.146444002e+11 4432970433 3255 
4.216783217 2.154544146e+11 4440270747 3256 
4.224775225 2.12679846e+11 4393161639 3257 
4.232767233 2.156735127e+11 4412760959 3284 
4.240759241 2.131505886e+11 4387437860 3224 
4.248751249 2.181818621e+11 4425397836 3279 
4.256743257 2.159111891e+11 4396713483 3247 
4.264735265 2.116284904e+11 4335135574 3261 
4.272727273 2.114053415e+11 4331184647 3252 
4.280719281 2.091609715e+11 4299995601 3225 
4.288711289 2.112692858e+11 4317709721 3289 
4.296703297 2.081170572e+11 4282713332 3231 
4.304695305 2.090360408e+11 4280680616 3235 
4.312687313 2.061439487e+11 4234905637 3258 
4.320679321 2.079107564e+11 4247961222 3279 
4.328671329 2.11829867e+11 4274879096 3321 
4.336663337 2.088183223e+11 4233108470 3291 
4.344655345 2.08032141e+11 4208325214 3322 
4.352647353 2.116414612e+11 4247601654 3340 
4.360639361 2.074955966e+11 4201601254 3338 
4.368631369 2.091324385e+11 4215136641 3351 
4.376623377 2.05311256e+11 4161875746 3295 
4.384615385 2.0422011e+11 4138909950 3362 
4.392607393 2.035801239e+11 4131047345 3257 
4.400599401 1.988248098e+11 4070315823 3267 
4.408591409 2.039791958e+11 4118883321 3323 
4.416583417 2.004419609e+11 4080044548 3331 
4.424575425 2.0572526e+11 4104963719 3416 
4.432567433 2.01376994e+11 4057120022 3366 
4.440559441 2.051096838e+11 4103226630 3407 
4.448551449 2.006440545e+11 4038307162 3353 
4.456543457 2.072368869e+11 4088781684 3479 
4.464535465 2.0163521e+11 4032318935 3366 
4.472527473 1.894542875e+11 3899887270 3239 
4.480519481 1.989771336e+11 3990285876 3399 
4.488511489 1.927250337e+11 3927245967 3263 
4.496503497 1.967642798e+11 3942513317 3392 
4.504495504 1.927477926e+11 3901786077 3309 
4.512487512 1.977989842e+11 3947229886 3401 
4.52047952 1.995375934e+11 3962937757 3425 
4.528471528 1.899524394e+11 3855692419 3356 
4.536463536 1.987423769e+11 3937332601 3465 
4.544455544 1.998857941e+11 3929897428 3478 
4.552447552 1.944168923e+11 3863367816 3455 
4.56043956 1.956384647e+11 3877029744 3420 
4.568431568 1.935950156e+11 3841509242 3431 
4.576423576 1.936828263e+11 3829342539 3416 
4.584415584 1.880297277e+11 3780580277 3379 
4.592407592 1.939199469e+11 3831275812 3463 
4.6003996 1.889276423e+11 3764786058 3437 
4.608391608 1.930197951e+11 3798616391 3526 
4.616383616 1.955195772e+11 3817046062 3514 
4.624375624 1.918538927e+11 3779570735 3464 
4.632367632 1.907118974e+11 3755328520 3455 
4.64035964 1.994994459e+11 3844561656 3583 
4.648351648 1.932017433e+11 3772624354 3519 
4.656343656 1.938647195e+11 3768720254 3602 
4.664335664 1.889280705e+11 3700473569 3524 
4.672327672 1.873909986e+11 3687144598 3446 
4.68031968 1.8791115e+11 3683075358 3508 
4.688311688 1.943346199e+11 3739703965 3599 
4.696303696 1.828420738e+11 3619912571 3374 
4.704295704 1.874097772e+11 3660384286 3482 
4.712287712 1.861704714e+11 3635123591 3505 
4.72027972 1.874253009e+11 3655598159 3495 
4.728271728 1.887974197e+11 3656646087 3494 
4.736263736 1.872421803e+11 3628746326 3562 
4.744255744 1.804578649e+11 3548702168 3481 
4.752247752 1.809309277e+11 3539367328 3519 
4.76023976 1.82601522e+11 3546580293 3585 
4.768231768 1.840215423e+11 3575362797 3568 
4.776223776 1.798806628e+11 3518046864 3528 
4.784215784 1.781813122e+11 3500546361 3456 
4.792207792 1.773299457e+11 3476726483 3510 
4.8001998 1.749277186e+11 3449114111 3502 
4.808191808 1.709891389e+11 3398966521 3441 
4.816183816 1.793456268e+11 3471105476 3567 
4.824175824 1.763565485e+11 3444745877 3534 
4.832167832 1.706419256e+11 3378519067 3460 
4.84015984 1.726529798e+11 3392048487 3504 
4.848151848 1.771768022e+11 3433715123 3595 
4.856143856 1.743405406e+11 3391902822 3547 
4.864135864 1.823719707e+11 3461477202 3716 
4.872127872 1.75019742e+11 3387717076 3614 
4.88011988 1.72922856e+11 3360410848 3563 
4.888111888 1.785554113e+11 3405972947 3683 
4.896103896 1.733813972e+11 3358627928 3568 
4.904095904 1.684832569e+11 3283332322 3579 
4.912087912 1.72735642e+11 3325203222 3597 
4.92007992 1.743098133e+11 3335252024 3655 
4.928071928 1.679381822e+11 3268923601 3513 
4.936063936 1.702472817e+11 3286755020 3619 
4.944055944 1.654431599e+11 3234960198 3499 
4.952047952 1.741374422e+11 3319073296 3667 
4.96003996 1.732013924e+11 3288980479 3686 
4.968031968 1.687090413e+11 3242707512 3619 
4.976023976 1.718264746e+11 3268389918 3690 
4.984015984 1.680743752e+11 3225013496 3603 
4.992007992 1.689495186e+11 3223354740 3756 
5 1.748555597e+11 3273361223 3787 
5.007992008 1.678071134e+11 3203607193 3703 
5.015984016 1.681763684e+11 3196863992 3663 
5.023976024 1.627463236e+11 3124702429 3698 
5.031968032 1.701000291e+11 3204000672 3760 
5.03996004 1.670825996e+11 3170964110 3717 
5.047952048 1.688281278e+11 3183664718 3747 
5.055944056 1.534816471e+11 3021947158 3525 
5.063936064 1.657768405e+11 3130843715 3725 
5.071928072 1.659425299e+11 3131520976 3701 
5.07992008 1.536159627e+11 3004230598 3586 
5.087912088 1.614494069e+11 3073968649 3706 
5.095904096 1.61359419e+11 3066216125 3718 
5.103896104 1.551906807e+11 2992511646 3635 
5.111888112 1.575629543e+11 3020028994 3637 
5.11988012 1.59580612e+11 3034643759 3719 
5.127872128 1.593177436e+11 3017348684 3706 
5.135864136 1.61316983e+11 3035754058 3771 
5.143856144 1.632029918e+11 3041628982 3825 
5.151848152 1.547277045e+11 2964043054 3638 
5.15984016 1.557690375e+11 2954970899 3715 
5.167832168 1.584654355e+11 2978661123 3751 
5.175824176 1.575466928e+11 2972199740 3767 
5.183816184 1.613983505e+11 2999527658 3819 
5.191808192 1.559814246e+11 2942717353 3729 
5.1998002 1.532752537e+11 2904386444 3726 
5.207792208 1.606298831e+11 2972774699 3823 
5.215784216 1.560393136e+11 2919916390 3807 
5.223776224 1.499586536e+11 2854323947 3723 
5.231768232 1.571090791e+11 2921643847 3869 
5.23976024 1.520114575e+11 2870571595 3727 
5.247752248 1.543691896e+11 2878608702 3828 
5.255744256 1.534026722e+11 2863724716 3852 
5.263736264 1.521932315e+11 2849881848 3854 
5.271728272 1.557020904e+11 2877587970 3862 
5.27972028 1.585714246e+11 2900375181 3977 
5.287712288 1.476159222e+11 2788567050 3751 
5.295704296 1.505069228e+11 2815722213 3771 
5.303696304 1.497304997e+11 2798734943 3811 
5.311688312 1.469530432e+11 2761380897 3782 
5.31968032 1.491368493e+11 2784231961 3866 
5.327672328 1.508955254e+11 2791026986 3893 
5.335664336 1.466539068e+11 2746337239 3787 
5.343656344 1.488149208e+11 2760987983 3864 
5.351648352 1.464464176e+11 2732666903 3854 
5.35964036 1.514274075e+11 2778486591 3932 
5.367632368 1.443523807e+11 2693142270 3852 
5.375624376 1.53154056e+11 2774588602 4017 
5.383616384 1.452077032e+11 2701087246 3835 
5.391608392 1.488180315e+11 2730265747 3908 
5.3996004 1.456537199e+11 2691777658 3907 
5.407592408 1.424886328e+11 2658935566 3799 
5.415584416 1.456552198e+11 2678925113 3881 
5.423576424 1.43872337e+11 2658886288 3903 
5.431568432 1.395317213e+11 2607847101 3798 
5.43956044 1.424740918e+11 2634239248 3846 
5.447552448 1.391269033e+11 2599229213 3850 
5.455544456 1.355151703e+11 2553641186 3789 
5.463536464 1.429281476e+11 2623579722 3938 
5.471528472 1.38334223e+11 2560917548 3914 
5.47952048 1.422981828e+11 2604114324 4000 
5.487512488 1.391246171e+11 2568846368 3861 
5.495504496 1.424841245e+11 2594808409 3980 
5.503496503 1.39172246e+11 2553967664 3958 
5.511488511 1.39836079e+11 2558509832 3944 
5.519480519 1.375518614e+11 2531050756 3891 
5.527472527 1.398383063e+11 2548190033 3980 
5.535464535 1.352396444e+11 2501300402 3874 
5.543456543 1.389112803e+11 2531586396 4024 
5.551448551 1.392710761e+11 2534312685 3990 
5.559440559 1.361636882e+11 2488810417 3983 
5.567432567 1.337508875e+11 2461671314 3923 
5.575424575 1.365170906e+11 2487797674 3972 
5.583416583 1.31237674e+11 2426479862 3905 
5.591408591 1.344816737e+11 2453425162 3960 
5.599400599 1.363295598e+11 2470301940 4017 
5.607392607 1.352595294e+11 2453278043 4005 
5.615384615 1.353576761e+11 2449159010 4027 
5.623376623 1.311029981e+11 2409103375 3916 
5.631368631 1.288562168e+11 2374726967 3968 
5.639360639 1.347095419e+11 2430934959 4086 
5.647352647 1.303284094e+11 2383912036 3953 
5.655344655 1.311060375e+11 2389705972 4008 
5.663336663 1.273291271e+11 2338517829 3903 
5.671328671 1.288893961e+11 2358647767 3917 
5.679320679 1.325954438e+11 2384955834 4071 
5.687312687 1.305469498e+11 2361457657 4071 
5.695304695 1.312073023e+11 2357567733 4117 
5.703296703 1.304182267e+11 2347620858 4105 
5.711288711 1.278651894e+11 2317164659 4037 
5.719280719 1.273602229e+11 2307253319 4065 
5.727272727 1.265521287e+11 2306597310 4003 
5.735264735 1.29504058e+11 2317865772 4079 
5.743256743 1.288563551e+11 2318545412 4103 
5.751248751 1.266998445e+11 2287439522 4056 
5.759240759 1.244701382e+11 2256172607 4027 
5.767232767 1.282379915e+11 2290973559 4103 
5.775224775 1.267725815e+11 2274164900 4073 
5.783216783 1.228138249e+11 2229071379 4022 
5.791208791 1.255633286e+11 2249437879 4144 
5.799200799 1.226169797e+11 2220532744 4064 
5.807192807 1.230138069e+11 2220092640 4081 
5.815184815 1.253109597e+11 2231809341 4129 
5.823176823 1.21477024e+11 2191618133 4078 
5.831168831 1.216600055e+11 2197733705 4069 
5.839160839 1.217336234e+11 2183387493 4087 
5.847152847 1.181227674e+11 2155520450 3958 
5.855144855 1.197339527e+11 2158657452 4073 
5.863136863 1.186281365e+11 2147901247 4010 
5.871128871 1.182382489e+11 2144167560 4034 
5.879120879 1.223200505e+11 2171726540 4182 
5.887112887 1.179077394e+11 2124315827 4080 
5.895104895 1.158870481e+11 2111161681 3985 
5.903096903 1.145959718e+11 2083697112 4048 
5.911088911 1.17758579e+11 2113541656 4136 
5.919080919 1.193943381e+11 2121991510 4199 
5.927072927 1.189760251e+11 2116749435 4138 
5.935064935 1.211808719e+11 2133518937 4187 
5.943056943 1.184421627e+11 2099041327 4236 
5.951048951 1.195308722e+11 2105346367 4211 
5.959040959 1.174579592e+11 2088435846 4158 
5.967032967 1.144794502e+11 2050206563 4141 
5.975024975 1.138377683e+11 2038028196 4140 
5.983016983 1.160347127e+11 2056173756 4192 
5.991008991 1.11998427e+11 2012725492 4086 
5.999000999 1.143712266e+11 2033824553 4105 
6.006993007 1.15654361e+11 2039355213 4205 
6.014985015 1.116401214e+11 1999291352 4074 
6.022977023 1.147758974e+11 2021478579 4238 
6.030969031 1.116834624e+11 1989582533 4146 
6.038961039 1.137095425e+11 2004839891 4197 
6.046953047 1.070694291e+11 1938143043 4085 
6.054945055 1.124450909e+11 1989077133 4191 
6.062937063 1.150630743e+11 2004334159 4337 
6.070929071 1.101058803e+11 1955990065 4212 
6.078921079 1.120067258e+11 1969387067 4262 
6.086913087 1.071829378e+11 1922948859 4045 
6.094905095 1.081813447e+11 1926551593 4233 
6.102897103 1.104911114e+11 1944432046 4205 
6.110889111 1.107859215e+11 1943671813 4256 
6.118881119 1.059735554e+11 1894931072 4129 
6.126873127 1.06661669e+11 1897127909 4143 
6.134865135 1.089652598e+11 1913440706 4272 
6.142857143 1.076371092e+11 1898512357 4291 
6.150849151 1.096027441e+11 1912426348 4350 
6.158841159 1.087706648e+11 1901052545 4282 
6.166833167 1.065625938e+11 1877955824 4240 
6.174825175 1.066392104e+11 1872399645 4270 
6.182817183 1.037164889e+11 1840442921 4180 
6.190809191 1.080419645e+11 1883655130 4364 
6.198801199 1.053231074e+11 1850009788 4276 
6.206793207 1.064551075e+11 1858463316 4281 
6.214785215 1.030036054e+11 1821193745 4251 
6.222777223 1.016867371e+11 1805112575 4238 
6.230769231 1.00795859e+11 1792337726 4236 
6.238761239 1.038188917e+11 1818014893 4327 
6.246753247 1.035630284e+11 1812362749 4319 
6.254745255 1.028403898e+11 1800747591 4279 
6.262737263 1.008635298e+11 1784898672 4225 
6.270729271 1.040009888e+11 1805385020 4368 
6.278721279 1.006452981e+11 1770390451 4263 
6.286713287 1.015730271e+11 1774655930 4318 
6.294705295 1.007710091e+11 1762507814 4321 
6.302697303 1.00972891e+11 1765065676 4368 
6.310689311 9.909385189e+10 1746874759 4266 
6.318681319 9.708315482e+10 1719179844 4189 
6.326673327 9.846633524e+10 1729360724 4319 
6.334665335 9.975385328e+10 1738225738 4390 
6.342657343 1.001898474e+11 1739705503 4387 
6.350649351 9.879123465e+10 1719703751 4379 
6.358641359 9.665790425e+10 1696782022 4299 
6.366633367 9.703940332e+10 1700012431 4317 
6.374625375 9.816413445e+10 1703387796 4365 
6.382617383 1.005928613e+11 1725925548 4515 
6.390609391 9.792075173e+10 1696192270 4410 
6.398601399 9.321741199e+10 1651912292 4213 
6.406593407 9.906736875e+10 1702190330 4503 
6.414585415 9.595841938e+10 1667514796 4453 
6.422577423 9.673568513e+10 1671493731 4453 
6.430569431 9.576995679e+10 1663424872 4391 
6.438561439 9.826032008e+10 1678021810 4534 
6.446553447 9.529100831e+10 1650681361 4401 
6.454545455 9.614919863e+10 1654493592 4450 
6.462537463 9.486117874e+10 1637842378 4519 
6.470529471 9.440224625e+10 1628306829 4491 
6.478521479 9.489931301e+10 1636116618 4426 
6.486513487 9.415510272e+10 1623036780 4519 
6.494505495 9.319540031e+10 1613101608 4415 
6.502497502 9.336732483e+10 1610625844 4455 
6.51048951 9.108419988e+10 1585891282 4422 
6.518481518 9.396287184e+10 1606640745 4555 
6.526473526 9.347777087e+10 1603026657 4515 
6.534465534 9.287900944e+10 1592613602 4514 
6.542457542 9.117820061e+10 1578431729 4426 
6.55044955 9.068358151e+10 1568408273 4467 
6.558441558 8.942685527e+10 1555669189 4384 
6.566433566 9.072492232e+10 1561516682 4532 
6.574425574 8.988165458e+10 1548501454 4516 
6.582417582 8.941831219e+10 1543629987 4493 
6.59040959 8.962383727e+10 1542598770 4524 
6.598401598 8.936510166e+10 1532912163 4544 
6.606393606 8.934362227e+10 1531843957 4515 
6.614385614 8.954533039e+10 1532304719 4520 
6.622377622 9.065311213e+10 1537595439 4610 
6.63036963 8.84486045e+10 1515670498 4537 
6.638361638 8.860962079e+10 1515522317 4588 
6.646353646 8.884976323e+10 1517950307 4579 
6.654345654 8.733569333e+10 1502266059 4519 
6.662337662 8.786835831e+10 1500460333 4599 
6.67032967 8.559336254e+10 1473757965 4508 
6.678321678 9.09453606e+10 1519112336 4789 
6.686313686 8.492622499e+10 1463846923 4465 
6.694305694 9.045093845e+10 1508128245 4769 
6.702297702 8.766413266e+10 1479991606 4677 
6.71028971 8.660400225e+10 1469900245 4632 
6.718281718 8.814919535e+10 1480947335 4726 
6.726273726 8.485378301e+10 1451047021 4622 
6.734265734 8.611520812e+10 1458430663 4654 
6.742257742 8.495985963e+10 1443847641 4622 
6.75024975 8.572171058e+10 1447855969 4742 
6.758241758 8.48599699e+10 1438672157 4664 
6.766233766 8.347722358e+10 1420379940 4631 
6.774225774 8.689613557e+10 1449404552 4784 
6.782217782 8.381197295e+10 1419773967 4658 
6.79020979 8.44476163e+10 1419977403 4768 
6.798201798 8.21322479e+10 1398268618 4586 
6.806193806 7.954441458e+10 1371902048 4538 
6.814185814 8.030390444e+10 1378844769 4583 
6.822177822 8.295096683e+10 1400068047 4721 
6.83016983 8.003105394e+10 1370179482 4636 
6.838161838 7.847080892e+10 1351820000 4575 
6.846153846 8.310265884e+10 1387824791 4846 
6.854145854 8.196214479e+10 1378866808 4724 
6.862137862 8.086400465e+10 1366526614 4693 
6.87012987 8.325824087e+10 1381799529 4897 
6.878121878 8.001604624e+10 1355932033 4715 
6.886113886 7.925923718e+10 1342762943 4733 
6.894105894 7.980447906e+10 1344158342 4688 
6.902097902 8.22055219e+10 1363608756 4866 
6.91008991 7.89132886e+10 1332765352 4735 
6.918081918 8.017608401e+10 1339994896 4836 
6.926073926 7.926707722e+10 1331793834 4796 
6.934065934 7.800820928e+10 1317181808 4719 
6.942057942 7.951433005e+10 1329062845 4853 
6.95004995 7.508916663e+10 1284245283 4733 
6.958041958 7.611813513e+10 1294051383 4726 
6.966033966 7.850221401e+10 1309297257 4892 
6.974025974 7.601214378e+10 1285267304 4770 
6.982017982 7.841574555e+10 1306609322 4846 
6.99000999 7.702061764e+10 1289142421 4891 
6.998001998 7.553762272e+10 1274363473 4769 
7.005994006 7.633849333e+10 1279006775 4853 
7.013986014 7.556241953e+10 1272049692 4806 
7.021978022 7.633202587e+10 1272771782 4827 
7.02997003 7.525551581e+10 1261081016 4841 
7.037962038 7.78888166e+10 1281905526 4997 
7.045954046 7.435456769e+10 1250943538 4780 
7.053946054 7.372009909e+10 1245983696 4749 
7.061938062 7.469542349e+10 1248145125 4879 
7.06993007 7.546927617e+10 1254002616 4907 
7.077922078 7.571388114e+10 1251765611 5001 
7.085914086 7.476711097e+10 1240416690 4954 
7.093906094 7.398499919e+10 1233603464 4873 
7.101898102 7.311140256e+10 1222775244 4851 
7.10989011 7.213886336e+10 1212057535 4848 
7.117882118 7.243467302e+10 1211485991 4909 
7.125874126 7.183818752e+10 1203296074 4917 
7.133866134 7.413196085e+10 1221577686 5064 
7.141858142 7.07193586e+10 1191830986 4809 
7.14985015 7.128553561e+10 1191913713 4923 
7.157842158 7.061843805e+10 1185433361 4860 
7.165834166 7.040654094e+10 1177480482 4885 
7.173826174 7.046120729e+10 1176629271 4889 
7.181818182 7.052126728e+10 1176222091 4934 
7.18981019 7.202621184e+10 1185135278 5053 
7.197802198 6.913254532e+10 1158494091 4947 
7.205794206 6.991800155e+10 1162979690 4961 
7.213786214 7.058246809e+10 1167307324 5036 
7.221778222 7.077026748e+10 1167271574 5032 
7.22977023 7.010431534e+10 1159448521 5026 
7.237762238 6.967166823e+10 1153817633 5026 
7.245754246 6.823756539e+10 1136968104 4928 
7.253746254 6.7657802e+10 1132785966 4854 
7.261738262 6.908535966e+10 1142371382 5019 
7.26973027 7.017617048e+10 1149809905 5061 
7.277722278 6.902391774e+10 1137734079 5007 
7.285714286 6.728594659e+10 1118760091 4991 
7.293706294 6.786154114e+10 1122591784 5000 
7.301698302 6.60110709e+10 1103714136 4923 
7.30969031 6.806776651e+10 1120757335 5082 
7.317682318 6.654235824e+10 1105941208 4963 
7.325674326 6.661532773e+10 1103995003 4986 
7.333666334 6.771715623e+10 1111200511 5134 
7.341658342 6.899759128e+10 1121221633 5158 
7.34965035 6.626182211e+10 1094122858 5068 
7.357642358 6.401993421e+10 1074264565 4942 
7.365634366 6.630884904e+10 1089108624 5080 
7.373626374 6.680366992e+10 1091124289 5109 
7.381618382 6.653027843e+10 1087432178 5155 
7.38961039 6.626389304e+10 1084384124 5049 
7.397602398 6.568311435e+10 1077265402 5076 
7.405594406 6.511380297e+10 1069174511 5030 
7.413586414 6.440719951e+10 1061333066 5007 
7.421578422 6.371480864e+10 1055000590 4977 
7.42957043 6.270371547e+10 1041769138 5001 
7.437562438 6.470824042e+10 1058024127 5147 
7.445554446 6.311031831e+10 1043966402 4999 
7.453546454 6.637604692e+10 1070338600 5231 
7.461538462 6.467342211e+10 1053333251 5133 
7.46953047 6.424354442e+10 1048163819 5079 
7.477522478 6.247624927e+10 1027740703 5103 
7.485514486 6.161825701e+10 1022144658 5014 
7.493506494 6.121486406e+10 1015364059 4990 
7.501498501 6.173483376e+10 1018020668 4999 
7.509490509 6.351570759e+10 1032034583 5101 
7.517482517 6.048602439e+10 1003799303 4948 
7.525474525 6.36426201e+10 1028696383 5182 
7.533466533 6.185458173e+10 1010535539 5127 
7.541458541 6.083395439e+10 1000657656 5099 
7.549450549 6.284881846e+10 1015035808 5191 
7.557442557 6.009834402e+10 989358821.2 5106 
7.565434565 5.993314892e+10 987321059.7 5007 
7.573426573 6.002244217e+10 986083718.9 5062 
7.581418581 6.076085344e+10 989578997.1 5140 
7.589410589 6.015506647e+10 981978604.4 5059 
7.597402597 6.050815893e+10 983103502.6 5102 
7.605394605 5.745401433e+10 954226101.2 4994 
7.613386613 6.113442158e+10 988481034.2 5091 
7.621378621 5.836497998e+10 960517498.6 5019 
7.629370629 5.915207156e+10 965531925.8 5091 
7.637362637 6.015394429e+10 970807067.2 5204 
7.645354645 5.946322988e+10 963993371.7 5204 
7.653346653 5.786863072e+10 946432618.3 5138 
7.661338661 5.934206727e+10 959564731.8 5130 
7.669330669 5.913431466e+10 957463234.9 5126 
7.677322677 5.876036495e+10 951823797.8 5182 
7.685314685 5.581952147e+10 926019459 4962 
7.693306693 5.876227743e+10 947498696.5 5222 
7.701298701 5.947675868e+10 951429442.5 5275 
7.709290709 5.696782162e+10 928617893.8 5101 
7.717282717 5.748045869e+10 931049697.9 5150 
7.725274725 5.678991464e+10 924592707.7 5124 
7.733266733 5.64140647e+10 918020958 5072 
7.741258741 5.626258683e+10 915507672.9 5068 
7.749250749 5.63899046e+10 912869025 5143 
7.757242757 5.604572071e+10 907984345.9 5074 
7.765234765 5.759985027e+10 919438252.2 5276 
7.773226773 5.736910592e+10 917746509.9 5223 
7.781218781 5.600314993e+10 902842059 5148 
7.789210789 5.575828456e+10 899467768.6 5159 
7.797202797 5.44159918e+10 885065592.5 5090 
7.805194805 5.530569984e+10 891918059.6 5108 
7.813186813 5.484812533e+10 887792367.8 5083 
7.821178821 5.289281271e+10 871565955.7 4921 
7.829170829 5.396902885e+10 875321123.7 5148 
7.837162837 5.387703605e+10 875127668.2 5088 
7.845154845 5.449296341e+10 876033658.7 5203 
7.853146853 5.510382568e+10 881902040.8 5228 
7.861138861 5.470112015e+10 874775205.5 5253 
7.869130869 5.418408332e+10 870553233.7 5202 
7.877122877 5.385666281e+10 865088476.8 5223 
7.885114885 5.396829958e+10 865621729 5193 
7.893106893 5.347860705e+10 858538196.6 5201 
7.901098901 5.176835888e+10 843118630.6 5081 
7.909090909 5.352157117e+10 856478537 5196 
7.917082917 5.209606846e+10 843506749.1 5109 
7.925074925 5.266106006e+10 846240381.2 5189 
7.933066933 4.994803805e+10 822550535.4 4958 
7.941058941 5.160671101e+10 834394778.8 5150 
7.949050949 5.176514822e+10 833381063.2 5156 
7.957042957 5.205146481e+10 835556388.1 5167 
7.965034965 5.163808912e+10 828313607.4 5159 
7.973026973 5.151337479e+10 827397546.9 5218 
7.981018981 5.078345368e+10 820731075.1 5089 
7.989010989 5.313817761e+10 836601449.2 5355 
7.997002997 5.110900651e+10 818905275.6 5233 
8.004995005 4.990521743e+10 808651064 5071 
8.012987013 5.057603129e+10 813724016.6 5128 
8.020979021 5.088623849e+10 812651775.5 5267 
8.028971029 5.082357841e+10 810265563.3 5220 
8.036963037 5.061515318e+10 809211355.8 5176 
8.044955045 5.106176252e+10 808891009.7 5259 
8.052947053 5.021746369e+10 802361239.2 5167 
8.060939061 4.992456412e+10 798314148.5 5228 
8.068931069 4.8241798e+10 781204676.9 5067 
8.076923077 4.944754781e+10 792101180.6 5190 
8.084915085 4.885847384e+10 785098531.1 5105 
8.092907093 4.872995131e+10 781151349 5185 
8.100899101 4.828665989e+10 776601543.5 5193 
8.108891109 4.918670418e+10 783772787.3 5265 
8.116883117 4.845270771e+10 777435545.9 5153 
8.124875125 4.823516799e+10 773090660.2 5118 
8.132867133 4.922438978e+10 779668606.1 5291 
8.140859141 4.769807151e+10 767945502.5 5104 
8.148851149 4.78458561e+10 766740003.9 5158 
8.156843157 4.819027949e+10 768428748.4 5164 
8.164835165 4.709091268e+10 756851348.8 5123 
8.172827173 4.941398185e+10 774644748.5 5365 
8.180819181 4.696267223e+10 751866256.8 5194 
8.188811189 4.857590088e+10 763765588.5 5280 
8.196803197 4.742242032e+10 753710445.7 5212 
8.204795205 4.670132795e+10 745553476.8 5164 
8.212787213 4.658951192e+10 742172575.9 5192 
8.220779221 4.685403323e+10 745961215.6 5179 
8.228771229 4.666503587e+10 741375389 5231 
8.236763237 4.669531826e+10 741866120.6 5247 
8.244755245 4.661570658e+10 740112880 5215 
8.252747253 4.574408983e+10 730881544.2 5182 
8.260739261 4.683066778e+10 738965435.4 5271 
8.268731269 4.469060045e+10 717411023.1 5212 
8.276723277 4.51857665e+10 721598893.9 5159 
8.284715285 4.630686857e+10 728555503.9 5295 
8.292707293 4.727079221e+10 737099654.5 5352 
8.300699301 4.489438508e+10 715153685.7 5237 
8.308691309 4.490380711e+10 714863549.4 5215 
8.316683317 4.416264493e+10 707571126.6 5141 
8.324675325 4.444581156e+10 709209051.8 5205 
8.332667333 4.556706222e+10 716307740.4 5272 
8.340659341 4.445857553e+10 706002629.9 5186 
8.348651349 4.649767886e+10 722710453.5 5346 
8.356643357 4.479981052e+10 704631332.5 5280 
8.364635365 4.30871029e+10 690800054.2 5132 
8.372627373 4.479628586e+10 704389419.6 5246 
8.380619381 4.487862354e+10 704378968.3 5286 
8.388611389 4.517971507e+10 705355327.8 5364 
8.396603397 4.394238704e+10 693657624.6 5215 
8.404595405 4.488391005e+10 700079149.8 5396 
8.412587413 4.288075763e+10 683736726.7 5132 
8.420579421 4.401824807e+10 691460642.6 5264 
8.428571429 4.341385675e+10 683882437.9 5325 
8.436563437 4.454673811e+10 692516340.3 5387 
8.444555445 4.384500477e+10 686227428.3 5300 
8.452547453 4.311790884e+10 677329963.5 5346 
8.460539461 4.379901801e+10 682438848.8 5333 
8.468531469 4.29851297e+10 674184250.9 5263 
8.476523477 4.334926504e+10 675803662.1 5361 
8.484515485 4.226449846e+10 667329937.5 5214 
8.492507493 4.286039313e+10 670477523.8 5371 
8.5004995 4.256687801e+10 667951132.9 5256 
8.508491508 4.103133746e+10 653200995.7 5192 
8.516483516 4.236051773e+10 661998851.5 5311 
8.524475524 4.148255492e+10 655241285.9 5237 
8.532467532 4.253343412e+10 662149471.9 5383 
8.54045954 4.043364381e+10 643460175.8 5172 
8.548451548 4.115968811e+10 646922151.4 5298 
8.556443556 4.173408317e+10 652068677 5281 
8.564435564 4.181233577e+10 650964345.2 5271 
8.572427572 4.073880942e+10 640874388.1 5254 
8.58041958 4.082401746e+10 642505272.2 5233 
8.588411588 4.156636847e+10 645917887.4 5397 
8.596403596 4.045233669e+10 635883883 5252 
8.604395604 4.192991391e+10 645849896 5417 
8.612387612 4.064173749e+10 635156817.6 5259 
8.62037962 4.067076928e+10 634548460.9 5294 
8.628371628 3.904780716e+10 619849143.8 5143 
8.636363636 3.938319006e+10 622858298.4 5138 
8.644355644 3.921773594e+10 620065258 5152 
8.652347652 4.026258022e+10 627820654.5 5236 
8.66033966 3.936871751e+10 616566271.4 5255 
8.668331668 3.911888264e+10 615529392.1 5233 
8.676323676 4.023363457e+10 623660496.4 5407 
8.684315684 3.976161341e+10 617676840.1 5369 
8.692307692 3.850507858e+10 607673190.2 5204 
8.7002997 3.812150592e+10 602365934.2 5201 
8.708291708 4.124952501e+10 625801992.2 5557 
8.716283716 3.781399182e+10 599647415 5130 
8.724275724 3.891005066e+10 606609619.8 5346 
8.732267732 3.898183106e+10 605915506.4 5322 
8.74025974 3.834079617e+10 599793683.6 5256 
8.748251748 3.876790959e+10 602643417.8 5316 
8.756243756 3.849919974e+10 598887501.4 5330 
8.764235764 3.71678531e+10 586824294.7 5187 
8.772227772 3.833913228e+10 596516829.3 5281 
8.78021978 3.78849424e+10 591294445.7 5243 
8.788211788 3.685549796e+10 580931269.8 5233 
8.796203796 3.751721683e+10 586444747 5248 
8.804195804 3.877247817e+10 596372846.7 5376 
8.812187812 3.788873635e+10 587560582.8 5329 
8.82017982 3.725043434e+10 580341257 5259 
8.828171828 3.80790843e+10 587290061.3 5410 
8.836163836 3.75186074e+10 582026375.5 5349 
8.844155844 3.66438159e+10 573784050.2 5231 
8.852147852 3.674564284e+10 573661623.7 5262 
8.86013986 3.804047043e+10 582236156.6 5454 
8.868131868 3.724386514e+10 575197939.3 5323 
8.876123876 3.74355922e+10 577009640.1 5354 
8.884115884 3.631533767e+10 565581722.5 5224 
8.892107892 3.69438015e+10 569746058.7 5365 
8.9000999 3.717923243e+10 569959653.8 5401 
8.908091908 3.580403142e+10 558875023.1 5288 
8.916083916 3.724096165e+10 570002394.1 5450 
8.924075924 3.65579471e+10 562633542.8 5337 
8.932067932 3.539179065e+10 553138252.3 5255 
8.94005994 3.556934507e+10 552720056.3 5278 
8.948051948 3.659770833e+10 560000599.2 5468 
8.956043956 3.598374393e+10 554952760 5373 
8.964035964 3.550228332e+10 550096023.5 5294 
8.972027972 3.553752316e+10 549620542.4 5341 
8.98001998 3.609998158e+10 553120038.1 5386 
8.988011988 3.403069343e+10 534982182.1 5209 
8.996003996 3.505519983e+10 542862722.3 5285 
