# Format: McCode with text headers
# URL: http://www.mccode.org
# Creator: 
# Instrument: BOA_beamline_monitors.instr
# Ncount: 25000000
# Trace: no
# Gravitation: no
# Seed: 1000
# Directory: BOA_1-9AA_1e8/0
# Nodes: 8
# Param: flagin=0
# Param: trompete_exit_slit_width=0.04
# Param: trompete_exit_slit_height=0.04
# Param: Lmin=1
# Param: Lmax=9
# Param: threshold=1e-12
# Date: Wed Jan  4 16:02:32 2023 (1672844552)
# type: array_1d(1001)
# Source: BOA_RNR51 (BOA_beamline_monitors.instr)
# component: Brill
# position: -0.0145 0 8.62863
# title: Peak brilliance
# Ncount: 200000000
# filename: Peak_Brilliance.dat
# statistics: X0=4.39961; dX=1.79643;
# signal: Min=1.23011e+12; Max=1.79239e+13; Mean=9.00918e+12;
# values: 9.01819e+15 2.6174e+09 3.44095e+06
# xvar: Peak
# yvar: (I,I_err)
# xlabel: Wavelength [AA]
# ylabel: Peak Brilliance
# xlimits: 1 9
# variables: Peak I I_err N
1.003996004 1.356736736e+12 1.081073695e+10 126 
1.011988012 1.279104589e+12 9302640194 138 
1.01998002 1.422232078e+12 1.180285732e+10 121 
1.027972028 1.230113098e+12 1.038079354e+10 119 
1.035964036 1.575186573e+12 1.105400876e+10 143 
1.043956044 1.829526302e+12 1.176550312e+10 156 
1.051948052 1.588704549e+12 1.055623451e+10 151 
1.05994006 1.549014871e+12 9897908960 157 
1.067932068 1.376808613e+12 8797543864 157 
1.075924076 2.011131029e+12 1.345245655e+10 150 
1.083916084 1.869398116e+12 1.15040427e+10 163 
1.091908092 2.507920937e+12 1.4538733e+10 173 
1.0999001 2.003153063e+12 1.062684389e+10 189 
1.107892108 2.155477668e+12 1.119732416e+10 193 
1.115884116 1.778897752e+12 9052943877 197 
1.123876124 1.947665251e+12 1.044328266e+10 187 
1.131868132 2.451812327e+12 1.193099534e+10 206 
1.13986014 2.706201594e+12 1.336399902e+10 203 
1.147852148 2.352241489e+12 1.106940214e+10 213 
1.155844156 2.167992e+12 9405627102 231 
1.163836164 2.205402803e+12 1.052701213e+10 210 
1.171828172 2.772415141e+12 1.213313666e+10 229 
1.17982018 3.310597331e+12 1.508248689e+10 220 
1.187812188 3.22435211e+12 1.30805626e+10 247 
1.195804196 3.332185157e+12 1.420977687e+10 235 
1.203796204 2.915471446e+12 1.243274208e+10 235 
1.211788212 2.753813842e+12 1.117168132e+10 247 
1.21978022 3.246345018e+12 1.204582758e+10 270 
1.227772228 3.233414149e+12 1.061877969e+10 305 
1.235764236 2.635028747e+12 1.073333667e+10 246 
1.243756244 3.140868606e+12 1.111813609e+10 283 
1.251748252 3.117150294e+12 1.091823115e+10 286 
1.25974026 3.379881959e+12 1.08156358e+10 313 
1.267732268 2.491631076e+12 8347184194 299 
1.275724276 3.262365023e+12 1.043958112e+10 313 
1.283716284 4.193942107e+12 1.183059564e+10 355 
1.291708292 3.36424621e+12 1.069713947e+10 315 
1.2997003 2.905486597e+12 1.028492413e+10 283 
1.307692308 3.656380799e+12 1.083373244e+10 338 
1.315684316 3.913970415e+12 1.191468749e+10 329 
1.323676324 4.0785752e+12 1.109817371e+10 368 
1.331668332 2.807648387e+12 8318966975 338 
1.33966034 4.279052261e+12 1.161209244e+10 369 
1.347652348 3.573801511e+12 9777851494 366 
1.355644356 4.09560502e+12 1.209928914e+10 339 
1.363636364 3.379388255e+12 7998557261 423 
1.371628372 3.518498e+12 1.036377526e+10 340 
1.37962038 4.082374438e+12 9920722434 412 
1.387612388 5.128028301e+12 1.293324646e+10 397 
1.395604396 4.70661017e+12 1.058855557e+10 445 
1.403596404 4.74837939e+12 1.049366206e+10 453 
1.411588412 4.088815446e+12 9864458984 415 
1.41958042 4.689729848e+12 9904397545 474 
1.427572428 4.463750003e+12 9864646460 453 
1.435564436 4.34679967e+12 9713524431 448 
1.443556444 5.123492616e+12 1.093595585e+10 469 
1.451548452 5.193112397e+12 1.043842165e+10 498 
1.45954046 5.073842137e+12 1.00174617e+10 507 
1.467532468 5.459381213e+12 1.08644451e+10 503 
1.475524476 5.619336586e+12 1.037735676e+10 542 
1.483516484 6.14134111e+12 1.115593704e+10 551 
1.491508492 4.897791165e+12 8848767581 554 
1.4995005 5.963096558e+12 1.041589258e+10 573 
1.507492507 6.17476378e+12 1.080448962e+10 572 
1.515484515 5.273238731e+12 9374649772 563 
1.523476523 4.54263192e+12 7758553771 586 
1.531468531 4.653053068e+12 8452415412 551 
1.539460539 5.060728611e+12 8142767276 622 
1.547452547 5.663559356e+12 9011234293 629 
1.555444555 5.670068199e+12 9242167409 614 
1.563436563 5.983256026e+12 8990619491 666 
1.571428571 6.232569829e+12 9640481477 647 
1.579420579 6.908132603e+12 1.025706615e+10 674 
1.587412587 6.340195055e+12 9050958142 701 
1.595404595 6.059783938e+12 8364092278 725 
1.603396603 6.740702113e+12 9747944174 692 
1.611388611 5.636022255e+12 8080320023 698 
1.619380619 5.800746198e+12 7833554316 741 
1.627372627 5.924790732e+12 8166494296 726 
1.635364635 6.702117058e+12 8664664330 774 
1.643356643 5.842281988e+12 7475729459 782 
1.651348651 5.404528038e+12 6619140703 817 
1.659340659 7.243062113e+12 9174240584 790 
1.667332667 5.82870784e+12 6589833791 885 
1.675324675 6.000066199e+12 7207287192 833 
1.683316683 6.790848861e+12 8022267369 847 
1.691308691 6.578844849e+12 7178226936 917 
1.699300699 6.622497253e+12 7420165260 893 
1.707292707 7.275848725e+12 7956095107 915 
1.715284715 7.383333438e+12 7900838545 935 
1.723276723 6.996690539e+12 7000190510 1000 
1.731268731 6.527550172e+12 6712133767 973 
1.739260739 6.865769793e+12 6835012080 1005 
1.747252747 7.295255773e+12 7120796087 1025 
1.755244755 7.684516423e+12 7657714369 1004 
1.763236763 6.801240321e+12 6677702604 1019 
1.771228771 6.524315194e+12 6288496264 1038 
1.779220779 7.133139357e+12 6822705958 1046 
1.787212787 6.179381009e+12 5422887498 1140 
1.795204795 6.848818395e+12 6079731735 1127 
1.803196803 7.442527879e+12 6304554979 1181 
1.811188811 7.788204054e+12 6975551802 1117 
1.819180819 7.163774243e+12 6539273198 1096 
1.827172827 7.876040461e+12 7137326733 1104 
1.835164835 6.412511572e+12 6371099204 1007 
1.843156843 7.648137655e+12 6665043192 1148 
1.851148851 7.910122435e+12 6683668558 1184 
1.859140859 7.152558782e+12 6121145118 1169 
1.867132867 7.688487534e+12 6304622134 1220 
1.875124875 7.984389282e+12 6483466035 1232 
1.883116883 8.592003718e+12 6647584286 1293 
1.891108891 8.645854928e+12 6837369714 1265 
1.899100899 7.855590707e+12 6073126880 1294 
1.907092907 8.324685531e+12 6337787901 1314 
1.915084915 8.677408441e+12 6781873752 1280 
1.923076923 8.899747214e+12 7232626114 1231 
1.931068931 8.132347377e+12 6370815801 1277 
1.939060939 7.506381285e+12 5641773802 1331 
1.947052947 8.355169275e+12 6096437761 1371 
1.955044955 8.993827328e+12 6510188931 1382 
1.963036963 8.190906086e+12 5852736441 1400 
1.971028971 8.347760513e+12 5986202297 1395 
1.979020979 7.902737257e+12 5975603835 1323 
1.987012987 7.994286674e+12 5919500479 1351 
1.995004995 8.868938623e+12 6337218456 1400 
2.002997003 7.453539955e+12 5523185361 1350 
2.010989011 8.274506872e+12 5688900134 1455 
2.018981019 9.232746842e+12 6308674573 1464 
2.026973027 8.58125103e+12 5928324314 1448 
2.034965035 1.044393657e+13 6918804147 1510 
2.042957043 9.216696697e+12 6310643685 1461 
2.050949051 1.003069914e+13 6680451177 1502 
2.058941059 9.283462846e+12 5949029725 1561 
2.066933067 9.747233125e+12 6389532167 1526 
2.074925075 8.48361294e+12 5665182751 1498 
2.082917083 8.476217761e+12 5570960172 1522 
2.090909091 9.282383936e+12 6112862780 1519 
2.098901099 9.482974698e+12 6080777654 1560 
2.106893107 9.486568901e+12 6063641378 1565 
2.114885115 8.931070347e+12 5661532999 1578 
2.122877123 9.819178563e+12 6011127244 1634 
2.130869131 9.81174079e+12 6017625631 1631 
2.138861139 9.840211688e+12 5998298965 1641 
2.146853147 1.08788234e+13 6423868324 1694 
2.154845155 9.613711246e+12 5754988856 1671 
2.162837163 1.062204166e+13 6113403784 1738 
2.170829171 9.831823773e+12 6026246749 1632 
2.178821179 9.866162093e+12 5963227443 1655 
2.186813187 9.990537481e+12 5948517476 1680 
2.194805195 9.371149589e+12 5485014381 1709 
2.202797203 9.39025405e+12 5558006277 1690 
2.210789211 1.011494176e+13 5758576191 1757 
2.218781219 9.983090015e+12 5712782471 1748 
2.226773227 9.90413994e+12 5674097564 1746 
2.234765235 9.667509683e+12 5605976871 1725 
2.242757243 1.015363361e+13 5481042128 1853 
2.250749251 1.075119515e+13 5760081464 1867 
2.258741259 1.090295021e+13 6025392291 1810 
2.266733267 1.104821629e+13 6012633100 1838 
2.274725275 1.07988626e+13 5804278165 1861 
2.282717283 1.114395312e+13 5986543138 1862 
2.290709291 5.93678087e+12 6393948162 929 
2.298701299 1.058311473e+13 5688315854 1861 
2.306693307 1.044190548e+13 5477000894 1907 
2.314685315 1.12030892e+13 5809222635 1929 
2.322677323 1.147029972e+13 5917098965 1939 
2.330669331 1.161930443e+13 6215191949 1870 
2.338661339 1.082644947e+13 5822235226 1860 
2.346653347 1.120387978e+13 5926409201 1891 
2.354645355 1.131824975e+13 5740931385 1972 
2.362637363 1.156860644e+13 6045781643 1914 
2.370629371 1.089777995e+13 5743228840 1898 
2.378621379 1.070224046e+13 5475690453 1955 
2.386613387 1.113691115e+13 5628965170 1979 
2.394605395 1.146741181e+13 5876202089 1952 
2.402597403 1.096667812e+13 5476491610 2003 
2.410589411 1.077815207e+13 5466978713 1972 
2.418581419 1.113901945e+13 5655758277 1970 
2.426573427 1.060755686e+13 5581454149 1901 
2.434565435 1.109831678e+13 5452376799 2036 
2.442557443 1.092701687e+13 5553755197 1968 
2.450549451 1.227268342e+13 5901745348 2080 
2.458541459 1.182847679e+13 5655497372 2092 
2.466533467 1.169871297e+13 5750164257 2035 
2.474525475 1.22957746e+13 5667559446 2170 
2.482517483 1.121028411e+13 5385673842 2082 
2.490509491 1.150210707e+13 5576777286 2063 
2.498501499 1.214710208e+13 5741951283 2116 
2.506493506 1.237280579e+13 5901646430 2097 
2.514485514 1.214908801e+13 5715871009 2126 
2.522477522 1.33323573e+13 6290329406 2120 
2.53046953 1.225466244e+13 5848083225 2096 
2.538461538 1.202533382e+13 5652328846 2128 
2.546453546 1.238706606e+13 5979754828 2072 
2.554445554 1.293762274e+13 6018896704 2150 
2.562437562 1.185619089e+13 5591222223 2121 
2.57042957 1.26802842e+13 5951785968 2131 
2.578421578 1.186495611e+13 5548258996 2139 
2.586413586 1.273365723e+13 5880236840 2166 
2.594405594 1.253339306e+13 5649487698 2219 
2.602397602 1.307851163e+13 5970557941 2191 
2.61038961 1.261077905e+13 5788742084 2179 
2.618381618 1.285431912e+13 5817748164 2210 
2.626373626 1.286190976e+13 5904018983 2179 
2.634365634 1.376541368e+13 6089541652 2261 
2.642357642 1.438318296e+13 6436866559 2235 
2.65034965 1.321848175e+13 5873573431 2251 
2.658341658 1.334654192e+13 5978292171 2233 
2.666333666 1.2527649e+13 5672467483 2209 
2.674325674 1.310219562e+13 5919218910 2214 
2.682317682 1.345706092e+13 5781764045 2328 
2.69030969 1.363340848e+13 5926278421 2301 
2.698301698 1.362566764e+13 5948772195 2291 
2.706293706 1.360125401e+13 6008945976 2264 
2.714285714 1.346286817e+13 5849603819 2302 
2.722277722 1.50741787e+13 6232860521 2419 
2.73026973 1.325478643e+13 5945181336 2230 
2.738261738 1.296473707e+13 5802073127 2235 
2.746253746 1.161194747e+13 6315988313 1839 
2.754245754 1.371712691e+13 5949738415 2306 
2.762237762 1.470510859e+13 6128403064 2400 
2.77022977 1.465294064e+13 6134785535 2389 
2.778221778 1.387731735e+13 6169065406 2250 
2.786213786 1.479658878e+13 6205319110 2385 
2.794205794 1.467126548e+13 6189099423 2371 
2.802197802 1.520502578e+13 6284364641 2420 
2.81018981 1.48064619e+13 6020108213 2460 
2.818181818 1.528163679e+13 6261680457 2441 
2.826173826 1.39803617e+13 5865473599 2384 
2.834165834 1.489553974e+13 6289016026 2369 
2.842157842 1.469302944e+13 5918639909 2483 
2.85014985 1.543622248e+13 6393131904 2415 
2.858141858 1.517000214e+13 6332705794 2396 
2.866133866 1.451454651e+13 6110099425 2376 
2.874125874 1.450026995e+13 6063250909 2392 
2.882117882 1.535415799e+13 6060450709 2534 
2.89010989 1.518532212e+13 6278816038 2419 
2.898101898 1.565141826e+13 6337887217 2470 
2.906093906 1.444698397e+13 5968592612 2421 
2.914085914 1.442824268e+13 6209699854 2324 
2.922077922 1.530766337e+13 6090175989 2514 
2.93006993 1.557739817e+13 5999380595 2597 
2.938061938 1.493641365e+13 6092762775 2452 
2.946053946 1.609973469e+13 6231750846 2584 
2.954045954 1.62847339e+13 6415098590 2539 
2.962037962 1.557342772e+13 6181155657 2520 
2.97002997 1.565623517e+13 6337271558 2471 
2.978021978 1.499705921e+13 6063090112 2474 
2.986013986 1.592549411e+13 6308373162 2525 
2.994005994 1.541113075e+13 6078140257 2536 
3.001998002 1.579971675e+13 6283440341 2515 
3.00999001 1.608203645e+13 6342745151 2536 
3.017982018 1.630204586e+13 6540437301 2493 
3.025974026 1.611881358e+13 6349737030 2539 
3.033966034 1.58983888e+13 6228553412 2553 
3.041958042 1.569517383e+13 6195053370 2534 
3.04995005 1.577633306e+13 6135067758 2572 
3.057942058 1.588820962e+13 6090934675 2609 
3.065934066 1.647087015e+13 6358179403 2591 
3.073926074 1.584738384e+13 6358025255 2493 
3.081918082 1.558833607e+13 6078506447 2565 
3.08991009 1.67838765e+13 6349109063 2644 
3.097902098 1.639363729e+13 6328365520 2591 
3.105894106 1.714541953e+13 6323220531 2712 
3.113886114 1.687421094e+13 6352043735 2657 
3.121878122 1.613779412e+13 6181876115 2611 
3.12987013 1.624853813e+13 6070813093 2677 
3.137862138 1.692121716e+13 6386567444 2650 
3.145854146 1.558750931e+13 6130778033 2543 
3.153846154 1.643939331e+13 6235306904 2637 
3.161838162 1.607864807e+13 6225998724 2583 
3.16983017 1.699251689e+13 6398987058 2656 
3.177822178 1.615011659e+13 6165340723 2620 
3.185814186 1.663866959e+13 6168178906 2698 
3.193806194 1.61925778e+13 6167423804 2626 
3.201798202 1.70045367e+13 6315517082 2693 
3.20979021 1.493442213e+13 6054902229 2467 
3.217782218 1.692209792e+13 6161329202 2747 
3.225774226 1.67340995e+13 6151109128 2721 
3.233766234 1.64219519e+13 6020877997 2728 
3.241758242 1.673743736e+13 6143303437 2725 
3.24975025 1.681008533e+13 6208708507 2708 
3.257742258 1.629211584e+13 6174761859 2639 
3.265734266 1.663775168e+13 6165552968 2699 
3.273726274 1.65607538e+13 6130204250 2702 
3.281718282 1.674481513e+13 6242239786 2683 
3.28971029 1.667324514e+13 5970720718 2793 
3.297702298 1.690654419e+13 6260521083 2701 
3.305694306 1.758722952e+13 6304793697 2790 
3.313686314 1.717854738e+13 6193812858 2774 
3.321678322 1.662115717e+13 6023246902 2760 
3.32967033 1.725240615e+13 6182547443 2791 
3.337662338 1.675900435e+13 6133210308 2733 
3.345654346 1.737963893e+13 6332531128 2745 
3.353646354 1.627535529e+13 6108218605 2665 
3.361638362 1.669872543e+13 6165301227 2709 
3.36963037 1.698838319e+13 6083572306 2793 
3.377622378 1.666361991e+13 6053991863 2753 
3.385614386 1.687415738e+13 6121585365 2757 
3.393606394 1.722754818e+13 6204768862 2777 
3.401598402 1.677811706e+13 6155975016 2726 
3.40959041 1.792385488e+13 6222477644 2881 
3.417582418 1.725866845e+13 6110341916 2825 
3.425574426 1.662108525e+13 6168520419 2695 
3.433566434 1.659821834e+13 6146347463 2701 
3.441558442 1.706857333e+13 6125449790 2787 
3.44955045 1.740361011e+13 6033490051 2885 
3.457542458 1.652514267e+13 5999323053 2755 
3.465534466 1.702007989e+13 6190242813 2750 
3.473526474 1.700224638e+13 5931358247 2867 
3.481518482 1.644043053e+13 5977248949 2751 
3.48951049 1.646942851e+13 5998696499 2746 
3.497502498 1.765833568e+13 6145233231 2874 
3.505494505 1.697172824e+13 5949770503 2853 
3.513486513 1.634066833e+13 5900220589 2770 
3.521478521 1.740066967e+13 6113002575 2847 
3.529470529 1.641336633e+13 5854595587 2804 
3.537462537 1.675229686e+13 5831954345 2873 
3.545454545 1.700110097e+13 5995800808 2836 
3.553446553 1.648622888e+13 5832733466 2827 
3.561438561 1.597325914e+13 5792657042 2758 
3.569430569 1.792233764e+13 6047689931 2964 
3.577422577 1.695305407e+13 5897737366 2875 
3.585414585 1.69961354e+13 5863766516 2899 
3.593406593 1.685111792e+13 5876585860 2868 
3.601398601 1.700109785e+13 5920630282 2872 
3.609390609 1.737806233e+13 5717405273 3040 
3.617382617 1.682108063e+13 5915622580 2844 
3.625374625 1.686620227e+13 5857334339 2880 
3.633366633 1.768558529e+13 5832011981 3033 
3.641358641 1.671200551e+13 5918894209 2824 
3.649350649 1.68614678e+13 5759678729 2928 
3.657342657 1.67746373e+13 5728061794 2929 
3.665334665 1.020615771e+13 5813816598 1756 
3.673326673 1.702788147e+13 5716928937 2979 
3.681318681 1.632806739e+13 5895670691 2770 
3.689310689 1.71294318e+13 5741385330 2984 
3.697302697 1.673443797e+13 5745726947 2913 
3.705294705 1.669442418e+13 5759674323 2899 
3.713286713 1.687661275e+13 5689062594 2967 
3.721278721 1.713456693e+13 5737337434 2987 
3.729270729 1.693471828e+13 5599176512 3025 
3.737262737 1.666363896e+13 5575917771 2989 
3.745254745 1.634204125e+13 5675302380 2880 
3.753246753 1.655969965e+13 5578470968 2969 
3.761238761 1.610345626e+13 5580817248 2886 
3.769230769 1.604837195e+13 5500724480 2918 
3.777222777 1.707475523e+13 5677388666 3008 
3.785214785 1.663452871e+13 5514510141 3017 
3.793206793 1.703640966e+13 5666522818 3007 
3.801198801 1.685961211e+13 5637720583 2991 
3.809190809 1.699383847e+13 5585482148 3043 
3.817182817 1.723298203e+13 5599666217 3078 
3.825174825 1.660268855e+13 5439043227 3053 
3.833166833 1.710690182e+13 5585924135 3063 
3.841158841 1.660554722e+13 5452483389 3046 
3.849150849 1.693538298e+13 5501177107 3079 
3.857142857 1.647291827e+13 5435706751 3031 
3.865134865 1.627794752e+13 5419656641 3004 
3.873126873 1.694975238e+13 5511215457 3076 
3.881118881 1.640882764e+13 5412772115 3032 
3.889110889 1.708528486e+13 5382036539 3175 
3.897102897 1.645887233e+13 5374322668 3063 
3.905094905 1.62999397e+13 5421563575 3007 
3.913086913 1.588918603e+13 5270916291 3015 
3.921078921 1.643128106e+13 5370574248 3060 
3.929070929 1.602082795e+13 5244988977 3055 
3.937062937 1.634761277e+13 5230396162 3126 
3.945054945 1.609270734e+13 5331356120 3019 
3.953046953 1.601523377e+13 5258652014 3046 
3.961038961 1.675497866e+13 5236745936 3200 
3.969030969 1.567586087e+13 5095352384 3077 
3.977022977 1.623716799e+13 5236948424 3101 
3.985014985 1.583852183e+13 5057803681 3132 
3.993006993 1.640101757e+13 5163232387 3177 
4.000999001 1.663384606e+13 5198886082 3200 
4.008991009 1.581078506e+13 5127541999 3084 
4.016983017 1.630018741e+13 5102575491 3195 
4.024975025 1.639700815e+13 5236148348 3132 
4.032967033 1.620915352e+13 5093210870 3183 
4.040959041 1.53159119e+13 5080744077 3015 
4.048951049 1.592537335e+13 5072579612 3140 
4.056943057 1.566588309e+13 5138879452 3049 
4.064935065 1.591241479e+13 5083023539 3131 
4.072927073 1.629135842e+13 5098215743 3196 
4.080919081 1.562252966e+13 5019283590 3113 
4.088911089 1.583737955e+13 4987362512 3176 
4.096903097 1.567132735e+13 4999622817 3135 
4.104895105 1.569456632e+13 4987941081 3147 
4.112887113 1.561005911e+13 4903423641 3184 
4.120879121 1.109229567e+13 5006676164 2216 
4.128871129 1.56538617e+13 4963961297 3154 
4.136863137 1.616984251e+13 5025588921 3218 
4.144855145 1.573330786e+13 4937485611 3187 
4.152847153 1.563130013e+13 4822239644 3242 
4.160839161 1.612375523e+13 4916525281 3280 
4.168831169 1.569773922e+13 4827842173 3252 
4.176823177 1.527404657e+13 4834320867 3160 
4.184815185 1.518278292e+13 4811526906 3156 
4.192807193 1.533451632e+13 4748260126 3230 
4.200799201 1.548160508e+13 4805710037 3222 
4.208791209 1.534707462e+13 4715644248 3255 
4.216783217 1.540499064e+13 4731985938 3256 
4.224775225 1.520660899e+13 4669614176 3257 
4.232767233 1.542065616e+13 4696404920 3284 
4.240759241 1.524026709e+13 4727860052 3224 
4.248751249 1.560000314e+13 4758271334 3279 
4.256743257 1.543765002e+13 4755163917 3247 
4.264735265 1.513143706e+13 4640830119 3261 
4.272727273 1.511548192e+13 4648768728 3252 
4.280719281 1.495500946e+13 4637928125 3225 
4.288711289 1.510575394e+13 4593505639 3289 
4.296703297 1.488036959e+13 4606209357 3231 
4.304695305 1.494607692e+13 4620827525 3235 
4.312687313 1.473929233e+13 4524721992 3258 
4.320679321 1.486561908e+13 4534271313 3279 
4.328671329 1.514583549e+13 4561308427 3321 
4.336663337 1.493051005e+13 4537456127 3291 
4.344655345 1.487429808e+13 4478183717 3322 
4.352647353 1.513236448e+13 4531323099 3340 
4.360639361 1.483593516e+13 4445220728 3338 
4.368631369 1.495296935e+13 4462903534 3351 
4.376623377 1.46797548e+13 4455833697 3295 
4.384615385 1.460173787e+13 4343812799 3362 
4.392607393 1.455597886e+13 4469819874 3257 
4.400599401 1.42159739e+13 4352047572 3267 
4.408591409 1.45845125e+13 4389616740 3323 
4.416583417 1.43316002e+13 4303134445 3331 
4.424575425 1.470935609e+13 4306644585 3416 
4.432567433 1.439845507e+13 4278248076 3366 
4.440559441 1.466534239e+13 4305102288 3407 
4.448551449 1.43460499e+13 4279206209 3353 
4.456543457 1.481743741e+13 4259716965 3479 
4.464535465 1.441691751e+13 4283733871 3366 
4.472527473 1.354598155e+13 4182791794 3239 
4.480519481 1.422686505e+13 4186215582 3399 
4.488511489 1.377983991e+13 4223702505 3263 
4.496503497 1.4068646e+13 4148204232 3392 
4.504495504 1.378146717e+13 4165469662 3309 
4.512487512 1.414262737e+13 4158981313 3401 
4.52047952 1.426693793e+13 4166134136 3425 
4.528471528 1.358159942e+13 4047560216 3356 
4.536463536 1.421007995e+13 4101621616 3465 
4.544455544 1.429183428e+13 4109797938 3478 
4.552447552 1.39008078e+13 4023967581 3455 
4.56043956 1.398815023e+13 4090697084 3420 
4.568431568 1.384204361e+13 4034989648 3431 
4.576423576 1.373119593e+13 4087270366 3360 
4.584415584 1.266701968e+13 3921067759 3231 
4.592407592 1.386527621e+13 4004408479 3463 
4.6003996 1.350832643e+13 3930835081 3437 
4.608391608 1.380091535e+13 3914594541 3526 
4.616383616 1.397964977e+13 3978835226 3514 
4.624375624 1.371755333e+13 3960600973 3464 
4.632367632 1.363590067e+13 3947282927 3455 
4.64035964 1.426421038e+13 3981632291 3583 
4.648351648 1.381392464e+13 3926079977 3519 
4.656343656 1.386132744e+13 3848761517 3602 
4.664335664 1.350835704e+13 3833785940 3524 
4.672327672 1.33984564e+13 3888679340 3446 
4.68031968 1.343564723e+13 3830544564 3508 
4.688311688 1.389492532e+13 3861306796 3599 
4.696303696 1.307320827e+13 3875262201 3374 
4.704295704 1.339979907e+13 3848854542 3482 
4.712287712 1.33111887e+13 3798309760 3505 
4.72027972 1.340090902e+13 3834853895 3495 
4.728271728 1.349901551e+13 3864034189 3494 
4.736263736 1.338781589e+13 3759035051 3562 
4.744255744 1.290273734e+13 3707147063 3481 
4.752247752 1.293656133e+13 3676722773 3519 
4.76023976 1.305600882e+13 3642347914 3585 
4.768231768 1.315754027e+13 3688164729 3568 
4.776223776 1.286146739e+13 3646053883 3528 
4.784215784 1.273996382e+13 3686862107 3456 
4.792207792 1.267909112e+13 3612787840 3510 
4.8001998 1.250733188e+13 3571989075 3502 
4.808191808 1.222572343e+13 3553469473 3441 
4.816183816 1.282321231e+13 3595457652 3567 
4.824175824 1.260949322e+13 3568552669 3534 
4.832167832 1.220089768e+13 3526777233 3460 
4.84015984 1.234468805e+13 3523526731 3504 
4.848151848 1.266814135e+13 3524308959 3595 
4.856143856 1.246534865e+13 3514827632 3547 
4.864135864 1.303959591e+13 3509509410 3716 
4.872127872 1.251391156e+13 3463096337 3614 
4.88011988 1.23639842e+13 3470588528 3563 
4.888111888 1.276671191e+13 3466856337 3683 
4.896103896 1.23967699e+13 3474914447 3568 
4.904095904 1.204655287e+13 3366365845 3579 
4.912087912 1.23505984e+13 3434056883 3597 
4.92007992 1.246315165e+13 3410353923 3655 
4.928071928 1.200758003e+13 3418524643 3513 
4.936063936 1.217268065e+13 3364009303 3619 
4.944055944 1.182918593e+13 3381213037 3499 
4.952047952 1.245082711e+13 3395830842 3667 
4.96003996 1.238389956e+13 3360164451 3686 
4.968031968 1.206269645e+13 3333614334 3619 
4.976023976 1.228559294e+13 3329876523 3690 
4.984015984 1.201731782e+13 3335823722 3603 
4.992007992 1.207989058e+13 3216582766 3756 
5 1.250217252e+13 3301771632 3787 
5.007992008 1.199820861e+13 3240565835 3703 
5.015984016 1.202461034e+13 3283166427 3663 
5.023976024 1.163636214e+13 3147085481 3698 
5.031968032 1.216215208e+13 3235041376 3760 
5.03996004 7.548211739e+12 3069000140 2460 
5.047952048 1.207121114e+13 3221993115 3747 
5.055944056 1.097393777e+13 3113611988 3525 
5.063936064 1.18530441e+13 3182448739 3725 
5.071928072 1.186489089e+13 3206290313 3701 
5.07992008 1.098354133e+13 3063318528 3586 
5.087912088 1.154363259e+13 3115266216 3706 
5.095904096 1.153719846e+13 3103479419 3718 
5.103896104 1.109613367e+13 3052997815 3635 
5.111888112 1.126575123e+13 3097961807 3637 
5.11988012 1.141001376e+13 3068441583 3719 
5.127872128 1.139121867e+13 3074134404 3706 
5.135864136 1.153416428e+13 3059050567 3771 
5.143856144 1.166901391e+13 3051117632 3825 
5.151848152 1.106303087e+13 3041379448 3638 
5.15984016 1.113748618e+13 2998377300 3715 
5.167832168 1.133027864e+13 3021001112 3751 
5.175824176 1.126458854e+13 2990727319 3767 
5.183816184 1.153998206e+13 3022120617 3819 
5.191808192 1.115267186e+13 2991191646 3729 
5.1998002 1.095918064e+13 2941663361 3726 
5.207792208 1.148503664e+13 3004583944 3823 
5.215784216 1.115681093e+13 2930985559 3807 
5.223776224 1.072204373e+13 2880330414 3723 
5.231768232 1.123329916e+13 2903782935 3869 
5.23976024 1.086881921e+13 2916625633 3727 
5.247752248 1.103739706e+13 2883705421 3828 
5.255744256 1.096829107e+13 2847793410 3852 
5.263736264 1.088181606e+13 2823874736 3854 
5.271728272 1.113269947e+13 2882994858 3862 
5.27972028 1.133785686e+13 2851211149 3977 
5.287712288 1.055453844e+13 2814164634 3751 
5.295704296 1.076124498e+13 2854059370 3771 
5.303696304 1.070573073e+13 2809530585 3811 
5.311688312 1.050714259e+13 2778560987 3782 
5.31968032 1.066328472e+13 2758574535 3866 
5.327672328 1.078903006e+13 2771744380 3893 
5.335664336 1.048575434e+13 2769243388 3787 
5.343656344 1.064026684e+13 2754044777 3864 
5.351648352 1.047091886e+13 2717245126 3854 
5.35964036 1.082705964e+13 2753921980 3932 
5.367632368 1.032119522e+13 2679782025 3852 
5.375624376 1.0950515e+13 2726378427 4017 
5.383616384 1.038235078e+13 2707611464 3835 
5.391608392 1.064048925e+13 2723089972 3908 
5.3996004 1.041424097e+13 2665871187 3907 
5.407592408 1.018793724e+13 2682091062 3799 
5.415584416 1.041434822e+13 2683760660 3881 
5.423576424 1.02868721e+13 2635965906 3903 
5.431568432 9.97651807e+12 2627124090 3798 
5.43956044 1.018689757e+13 2649039880 3846 
5.447552448 9.947573585e+12 2584117118 3850 
5.455544456 9.689334677e+12 2557561147 3789 
5.463536464 1.021936256e+13 2595389747 3938 
5.471528472 9.890896945e+12 2527374909 3914 
5.47952048 1.017432007e+13 2543894024 4000 
5.487512488 9.947410126e+12 2576711644 3861 
5.495504496 6.732616691e+12 2716405359 2479 
5.503496503 9.950815591e+12 2514415668 3958 
5.511488511 9.998279645e+12 2535378260 3944 
5.519480519 9.834958089e+12 2527938062 3891 
5.527472527 9.998438901e+12 2512482257 3980 
5.535464535 9.669634576e+12 2496352046 3874 
5.543456543 9.932156545e+12 2468532479 4024 
5.551448551 9.957881939e+12 2496018573 3990 
5.559440559 9.735703706e+12 2444617180 3983 
5.567432567 9.563188458e+12 2438030120 3923 
5.575424575 9.760971974e+12 2457750541 3972 
5.583416583 9.383493692e+12 2403247156 3905 
5.591408591 9.615439673e+12 2428444013 3960 
5.599400599 9.747563524e+12 2426876002 4017 
5.607392607 9.671056353e+12 2415043174 4005 
5.615384615 9.678073838e+12 2403590636 4027 
5.623376623 9.373864361e+12 2394036292 3916 
5.631368631 9.213219503e+12 2322168577 3968 
5.639360639 9.631732249e+12 2357536562 4086 
5.647352647 9.318481269e+12 2357613085 3953 
5.655344655 9.374081682e+12 2339130553 4008 
5.663336663 9.104032587e+12 2332868015 3903 
5.671328671 9.215591821e+12 2353013291 3917 
5.679320679 9.480574233e+12 2329089235 4071 
5.687312687 9.33410691e+12 2293106598 4071 
5.695304695 9.381322114e+12 2278951836 4117 
5.703296703 9.324903211e+12 2271869029 4105 
5.711288711 9.142361041e+12 2264918819 4037 
5.719280719 9.106255936e+12 2240432890 4065 
5.727272727 9.048477206e+12 2260702374 4003 
5.735264735 9.259540145e+12 2270325751 4079 
5.743256743 9.213229389e+12 2245755667 4103 
5.751248751 9.059038882e+12 2233762175 4056 
5.759240759 8.899614879e+12 2210256732 4027 
5.767232767 9.169016391e+12 2234978580 4103 
5.775224775 9.064239578e+12 2225714686 4073 
5.783216783 8.781188478e+12 2183556476 4022 
5.791208791 8.977777993e+12 2166709518 4144 
5.799200799 8.767114045e+12 2157523710 4064 
5.807192807 8.795487196e+12 2155488447 4081 
5.815184815 8.959733617e+12 2170211126 4129 
5.823176823 8.685607213e+12 2130126462 4078 
5.831168831 8.698690391e+12 2138054295 4069 
5.839160839 8.703954072e+12 2129924736 4087 
5.847152847 8.445777866e+12 2134115545 3958 
5.855144855 8.560977619e+12 2102139004 4073 
5.863136863 8.481911761e+12 2115449744 4010 
5.871128871 8.454034793e+12 2095951056 4034 
5.879120879 8.745883613e+12 2091561924 4182 
5.887112887 8.430403368e+12 2066524521 4080 
5.895104895 8.285923939e+12 2079535230 3985 
5.903096903 8.193611981e+12 2024359644 4048 
5.911088911 8.419738396e+12 2035962121 4136 
5.919080919 8.536695175e+12 2033268454 4199 
5.927072927 8.506785795e+12 2056016612 4138 
5.935064935 8.664432344e+12 2069608235 4187 
5.943056943 8.468614634e+12 1999432593 4236 
5.951048951 8.159847263e+12 2090924304 3903 
5.959040959 8.257155125e+12 2009280519 4110 
5.967032967 8.18528069e+12 1976878059 4141 
5.975024975 8.139400431e+12 1966272098 4140 
5.983016983 8.296481961e+12 1979354514 4192 
5.991008991 8.007887532e+12 1960071202 4086 
5.999000999 8.177542699e+12 1992331809 4105 
6.006993007 8.269286813e+12 1966766367 4205 
6.014985015 7.98226868e+12 1959556191 4074 
6.022977023 8.206476662e+12 1936627436 4238 
6.030969031 7.985367559e+12 1926269552 4146 
6.038961039 8.130232286e+12 1937379895 4197 
6.046953047 7.655464178e+12 1874267976 4085 
6.054945055 8.039823996e+12 1918579284 4191 
6.062937063 8.22700981e+12 1897150019 4337 
6.070929071 7.87257044e+12 1869299004 4212 
6.078921079 8.008480898e+12 1879259131 4262 
6.086913087 7.663580051e+12 1894811163 4045 
6.094905095 7.734966149e+12 1827512885 4233 
6.102897103 7.900114462e+12 1878962263 4205 
6.110889111 7.921193386e+12 1861397093 4256 
6.118881119 7.577109211e+12 1835313605 4129 
6.126873127 7.626309331e+12 1840987863 4143 
6.134865135 7.791016076e+12 1823948936 4272 
6.142857143 7.696053311e+12 1793738480 4291 
6.150849151 7.836596206e+12 1801719125 4350 
6.158841159 7.777102534e+12 1816439157 4282 
6.166833167 7.619225454e+12 1797194841 4240 
6.174825175 7.624703541e+12 1785849715 4270 
6.182817183 7.415728958e+12 1774305907 4180 
6.190809191 7.725000458e+12 1770363576 4364 
6.198801199 7.530602181e+12 1761334101 4276 
6.206793207 7.611540186e+12 1778185238 4281 
6.214785215 7.364757783e+12 1732676100 4251 
6.222777223 7.270601702e+12 1715771986 4238 
6.230769231 7.206903919e+12 1701543153 4236 
6.238761239 7.423050758e+12 1715712951 4327 
6.246753247 7.404756527e+12 1714655071 4319 
6.254745255 7.353087868e+12 1718609234 4279 
6.262737263 7.21174238e+12 1707119086 4225 
6.270729271 7.4360707e+12 1702587675 4368 
6.278721279 7.196138815e+12 1688239458 4263 
6.286713287 7.262471436e+12 1682096778 4318 
6.294705295 7.20512715e+12 1667656180 4321 
6.302697303 7.219561708e+12 1653014923 4368 
6.310689311 7.08521041e+12 1661046128 4266 
6.318681319 6.941445569e+12 1657258701 4189 
6.326673327 7.040342969e+12 1630270780 4319 
6.334665335 7.132400509e+12 1624873285 4390 
6.342657343 7.163574089e+12 1633091278 4387 
6.350649351 7.063573278e+12 1613236074 4379 
6.358641359 6.911040154e+12 1607775205 4299 
6.366633367 6.938317338e+12 1607389957 4317 
6.374625375 7.018735613e+12 1608137612 4365 
6.382617383 7.192389581e+12 1593170725 4515 
6.390609391 7.001333749e+12 1587779645 4410 
6.398601399 6.665044957e+12 1582202316 4213 
6.406593407 7.08288108e+12 1576596758 4493 
6.414585415 4.846454729e+12 1449945731 3343 
6.422577423 6.916601487e+12 1553415317 4453 
6.430569431 6.847551911e+12 1559624798 4391 
6.438561439 7.025612886e+12 1549706049 4534 
6.446553447 6.813307094e+12 1548298550 4401 
6.454545455 6.874667702e+12 1545038306 4450 
6.462537463 6.78257428e+12 1501063163 4519 
6.470529471 6.749760607e+12 1503115573 4491 
6.478521479 6.78530088e+12 1533223666 4426 
6.486513487 6.732089845e+12 1489890332 4519 
6.494505495 6.663471122e+12 1509446522 4415 
6.502497502 6.675763725e+12 1498651683 4455 
6.51048951 6.512520291e+12 1472916607 4422 
6.518481518 6.718345337e+12 1475095977 4555 
6.526473526 6.683660617e+12 1480482949 4515 
6.534465534 6.640849175e+12 1471325765 4514 
6.542457542 6.519241344e+12 1473104010 4426 
6.55044955 6.483876078e+12 1451663756 4467 
6.558441558 6.394020152e+12 1458651985 4384 
6.566433566 6.486831946e+12 1431493202 4532 
6.574425574 6.426538302e+12 1423212922 4516 
6.582417582 6.393409321e+12 1423125025 4493 
6.59040959 6.408104365e+12 1416620744 4524 
6.598401598 6.389604769e+12 1406313230 4544 
6.606393606 6.388068993e+12 1415006899 4515 
6.614385614 6.402491123e+12 1416632533 4520 
6.622377622 6.481697517e+12 1406156048 4610 
6.63036963 6.324075222e+12 1394038284 4537 
6.638361638 6.335587887e+12 1381050000 4588 
6.646353646 6.352758071e+12 1387514938 4579 
6.654345654 6.244502073e+12 1381981120 4519 
6.662337662 6.282587619e+12 1366220834 4599 
6.67032967 6.119925422e+12 1357716059 4508 
6.678321678 6.502593283e+12 1357955599 4789 
6.686313686 6.072225087e+12 1360108677 4465 
6.694305694 6.467242099e+12 1356237683 4769 
6.702297702 6.267985485e+12 1340310841 4677 
6.71028971 6.192186161e+12 1336967449 4632 
6.718281718 6.302667468e+12 1333752019 4726 
6.726273726 6.067045486e+12 1312782464 4622 
6.734265734 6.15723738e+12 1323136512 4654 
6.742257742 6.074629963e+12 1314423593 4622 
6.75024975 6.129102307e+12 1292645756 4742 
6.758241758 6.067487848e+12 1301054172 4664 
6.766233766 5.968621486e+12 1288975289 4631 
6.774225774 6.213073693e+12 1298850390 4784 
6.782217782 5.992556066e+12 1286641847 4658 
6.79020979 6.038004565e+12 1266488068 4768 
6.798201798 5.872455725e+12 1280653087 4586 
6.806193806 5.687425642e+12 1253422608 4538 
6.814185814 5.741729167e+12 1252964146 4583 
6.822177822 5.930994128e+12 1256428741 4721 
6.83016983 5.722220357e+12 1234429705 4636 
6.838161838 5.610662838e+12 1226503867 4575 
6.846153846 5.941840107e+12 1226254598 4846 
6.854145854 5.860293353e+12 1240662871 4724 
6.862137862 5.781776332e+12 1234230850 4685 
6.87012987 3.646847396e+12 1399133193 2607 
6.878121878 5.721147306e+12 1213516832 4715 
6.886113886 5.667035459e+12 1197467108 4733 
6.894105894 5.706020253e+12 1217279639 4688 
6.902097902 5.877694816e+12 1208030247 4866 
6.91008991 5.642300135e+12 1191736772 4735 
6.918081918 5.732590006e+12 1185516834 4836 
6.926073926 5.667596022e+12 1181852372 4796 
6.934065934 5.577586964e+12 1182063098 4719 
6.942057942 5.685274599e+12 1171612793 4853 
6.95004995 5.368875414e+12 1134464457 4733 
6.958041958 5.442446662e+12 1151713968 4726 
6.966033966 5.612908302e+12 1147477134 4892 
6.974025974 5.434868281e+12 1139500064 4770 
6.982017982 5.606725807e+12 1157094697 4846 
6.99000999 5.506974161e+12 1126050561 4891 
6.998001998 5.400940025e+12 1132623951 4769 
7.005994006 5.458202273e+12 1124817877 4853 
7.013986014 5.402712996e+12 1124272173 4806 
7.021978022 5.45773985e+12 1130781432 4827 
7.02997003 5.38076938e+12 1111609539 4841 
7.037962038 5.569050387e+12 1114585299 4997 
7.045954046 5.31635159e+12 1112319023 4780 
7.053946054 5.270987085e+12 1110027285 4749 
7.061938062 5.34072278e+12 1094742032 4879 
7.06993007 5.396053246e+12 1099771567 4907 
7.077922078 5.413542501e+12 1082595244 5001 
7.085914086 5.345848434e+12 1079201356 4954 
7.093906094 5.289927442e+12 1085665208 4873 
7.101898102 5.227465283e+12 1077711943 4851 
7.10989011 5.15792873e+12 1064034091 4848 
7.117882118 5.179079121e+12 1055119700 4909 
7.125874126 5.136430408e+12 1044728213 4917 
7.133866134 5.300435201e+12 1046787713 5064 
7.141858142 5.05643414e+12 1051556835 4809 
7.14985015 5.096915796e+12 1035427443 4923 
7.157842158 5.049218321e+12 1039035853 4860 
7.165834166 5.034067677e+12 1030615998 4885 
7.173826174 5.037976321e+12 1030572250 4889 
7.181818182 5.042270611e+12 1022042423 4934 
7.18981019 5.149874146e+12 1019267420 5053 
7.197802198 4.94297699e+12 999282834.9 4947 
7.205794206 4.999137111e+12 1007783998 4961 
7.213786214 5.046646468e+12 1002208546 5036 
7.221778222 5.060074125e+12 1005674019 5032 
7.22977023 5.012458547e+12 997399922.6 5026 
7.237762238 4.981524278e+12 991244461.7 5026 
7.245754246 4.878985925e+12 990149500.8 4928 
7.253746254 4.837532843e+12 996705327.5 4854 
7.261738262 4.939603215e+12 984273796.8 5019 
7.26973027 5.017596189e+12 991516767.1 5061 
7.277722278 4.935210119e+12 985755532.4 5007 
7.285714286 4.810945181e+12 964015688.8 4991 
7.293706294 4.852100192e+12 970512094.4 5000 
7.301698302 4.71979157e+12 958815105.7 4923 
7.30969031 4.866845306e+12 957752534.2 5082 
7.317682318 4.757778614e+12 959321310 4960 
7.325674326 4.303541375e+12 1064570207 4043 
7.333666334 4.815277039e+12 941306008.8 5116 
7.341658342 4.933327777e+12 956529557.9 5158 
7.34965035 4.737720281e+12 934917537.1 5068 
7.357642358 4.577425296e+12 926318100.9 4942 
7.365634366 4.741082706e+12 933370789 5080 
7.373626374 4.776462399e+12 934997811.5 5109 
7.381618382 4.756914908e+12 922861258.3 5155 
7.38961039 4.737868352e+12 938465461.6 5049 
7.397602398 4.696342676e+12 925291485.1 5076 
7.405594406 4.655636912e+12 925660927.3 5030 
7.413586414 4.605114765e+12 919822174.7 5007 
7.421578422 4.555608818e+12 915419284.7 4977 
7.42957043 4.483315656e+12 896568476.8 5001 
7.437562438 4.62663919e+12 898982360.8 5147 
7.445554446 4.512387759e+12 902743381.4 4999 
7.453546454 4.745887355e+12 907343468.7 5231 
7.461538462 4.624149681e+12 900949509 5133 
7.46953047 4.593413426e+12 904477237.8 5079 
7.477522478 4.467051823e+12 875458266.2 5103 
7.485514486 4.405705376e+12 878763390.4 5014 
7.493506494 4.37686278e+12 877209720.8 4990 
7.501498501 4.414040614e+12 883068049.6 4999 
7.509490509 4.541373092e+12 890372923 5101 
7.517482517 4.324750744e+12 874123554 4948 
7.525474525 4.550447337e+12 878205250.4 5182 
7.533466533 4.422602593e+12 862689228.2 5127 
7.541458541 4.349627739e+12 853114006.1 5099 
7.549450549 4.49369052e+12 865747730.2 5191 
7.557442557 4.297031598e+12 841642453.6 5106 
7.565434565 4.285220148e+12 855926315.6 5007 
7.573426573 4.291604615e+12 847886794.9 5062 
7.581418581 4.344401021e+12 845291297.2 5140 
7.589410589 4.301087253e+12 850264244.3 5059 
7.597402597 4.326333364e+12 848046134.3 5102 
7.605394605 4.107962025e+12 822656875 4994 
7.613386613 4.371111143e+12 858675031.1 5091 
7.621378621 4.173096069e+12 831537491.1 5019 
7.629370629 4.229373117e+12 830831395.5 5091 
7.637362637 4.301007017e+12 826555194.6 5204 
7.645354645 4.251620936e+12 817064259.5 5204 
7.653346653 4.137607097e+12 805368509.4 5138 
7.661338661 4.24295781e+12 827162786.5 5130 
7.669330669 4.228103498e+12 824910202.3 5126 
7.677322677 4.201366094e+12 810834557.6 5182 
7.685314685 3.991095785e+12 804408179.8 4962 
7.693306693 4.201502836e+12 804649159.4 5222 
7.701298701 4.252588246e+12 806249016.8 5275 
7.709290709 4.073199246e+12 798583128.1 5101 
7.717282717 4.109852796e+12 798102008.5 5150 
7.725274725 4.060478897e+12 792515401.7 5124 
7.733266733 4.033605626e+12 795342585.1 5072 
7.741258741 4.022774958e+12 793833111.7 5068 
7.749250749 4.031878179e+12 784025619.3 5143 
7.757242757 4.00726903e+12 789838041.7 5074 
7.765234765 4.118389294e+12 780658037.4 5276 
7.773226773 4.101891073e+12 785421505.4 5223 
7.781218781 3.996133305e+12 811310336.1 4926 
7.789210789 3.095261715e+12 716242752.8 4322 
7.797202797 3.890743413e+12 764459676.6 5090 
7.805194805 3.954357538e+12 774220551.3 5108 
7.813186813 3.921640961e+12 771591764.5 5083 
7.821178821 3.781836109e+12 768582849.7 4921 
7.829170829 3.858785563e+12 749637509.3 5148 
7.837162837 3.852208077e+12 757185692 5088 
7.845154845 3.896246884e+12 748912990 5203 
7.853146853 3.939923536e+12 753686508.3 5228 
7.861138861 3.911130091e+12 744617327.8 5253 
7.869130869 3.874161958e+12 744811095.8 5202 
7.877122877 3.850751391e+12 737333485.6 5223 
7.885114885 3.85873342e+12 743130759.9 5193 
7.893106893 3.823720404e+12 735254950.7 5201 
7.901098901 3.70143766e+12 728552674.2 5081 
7.909090909 3.826792339e+12 736553817.3 5196 
7.917082917 3.724868895e+12 729146092 5109 
7.925074925 3.765265794e+12 725689290.9 5189 
7.933066933 3.57128472e+12 720375220.7 4958 
7.941058941 3.689879837e+12 716545942.8 5150 
7.949050949 3.701208098e+12 717909326.1 5156 
7.957042957 3.721679734e+12 720343182.7 5167 
7.965034965 3.692123372e+12 715730691.9 5159 
7.973026973 3.683206297e+12 705927951.4 5218 
7.981018981 3.631016938e+12 713568056.9 5089 
7.989010989 3.799379699e+12 709562244.8 5355 
7.997002997 3.654293966e+12 698378709.6 5233 
8.004995005 3.568223047e+12 703717059.2 5071 
8.012987013 3.616186237e+12 705248163.4 5128 
8.020979021 3.638366052e+12 690845595.1 5267 
8.028971029 3.633885856e+12 696208185.5 5220 
8.036963037 3.618983452e+12 699247740 5176 
8.044955045 3.65091602e+12 694283232.7 5259 
8.052947053 3.590548654e+12 694962154.8 5167 
8.060939061 3.569606334e+12 682846297.2 5228 
8.068931069 3.449288557e+12 680797966.9 5067 
8.076923077 3.535499669e+12 681274255.5 5190 
8.084915085 3.49338088e+12 684367682.5 5105 
8.092907093 3.484191519e+12 672034844.4 5185 
8.100899101 3.452496182e+12 664895374.2 5193 
8.108891109 3.516849349e+12 668025765.9 5265 
8.116883117 3.464368602e+12 672361390.5 5153 
8.124875125 3.448814511e+12 673920534.1 5118 
8.132867133 3.519543869e+12 665252034.8 5291 
8.140859141 3.410412113e+12 668244553.4 5104 
8.148851149 3.420978711e+12 663296582.1 5158 
8.156843157 3.445604983e+12 667295116.2 5164 
8.164835165 3.367000257e+12 657291171.8 5123 
8.172827173 3.533099702e+12 658602094.2 5365 
8.180819181 3.357831065e+12 646539732.9 5194 
8.188811189 3.473176913e+12 657855677.6 5280 
8.196803197 3.390703053e+12 650614200 5212 
8.204795205 3.339144949e+12 646677311.4 5164 
8.212787213 3.331150102e+12 641649457.9 5192 
8.220779221 3.350063376e+12 646912536.3 5179 
8.228771229 3.336550065e+12 637897470 5231 
8.236763237 3.338714489e+12 648982026.1 5145 
8.244755245 1.805847341e+12 740858024.8 2438 
8.252747253 3.270702423e+12 631221766.9 5182 
8.260739261 3.348392746e+12 635303098 5271 
8.268731269 3.195377932e+12 613134564.4 5212 
8.276723277 3.230782305e+12 626297509.9 5159 
8.284715285 3.310941103e+12 625349528.8 5295 
8.292707293 3.379861643e+12 631567413.6 5352 
8.300699301 3.209948533e+12 612989806.5 5237 
8.308691309 3.210622208e+12 615705250.1 5215 
8.316683317 3.157629113e+12 614259838.1 5141 
8.324675325 3.177875527e+12 610596301.1 5205 
8.332667333 3.258044949e+12 618043663 5272 
8.340659341 3.17878815e+12 613009597.9 5186 
8.348651349 3.324584038e+12 621935361.2 5346 
8.356643357 3.203186452e+12 606716277.6 5280 
8.364635365 3.080727858e+12 600351073.7 5132 
8.372627373 3.202934439e+12 610600883.2 5246 
8.380619381 3.208821583e+12 607093681.9 5286 
8.388611389 3.230349628e+12 602278525.1 5364 
8.396603397 3.141880673e+12 602522483.7 5215 
8.404595405 3.209199569e+12 594786482.4 5396 
8.412587413 3.06597417e+12 597475952 5132 
8.420579421 3.147304737e+12 597943771.5 5264 
8.428571429 3.104090757e+12 582977259 5325 
8.436563437 3.185091775e+12 591304700.4 5387 
8.444555445 3.134917841e+12 591544441 5300 
8.452547453 3.082930482e+12 576728447.4 5346 
8.460539461 3.131629788e+12 587267015.5 5333 
8.468531469 3.073436774e+12 584020729.3 5263 
8.476523477 3.09947245e+12 578200489.4 5361 
8.484515485 3.02191164e+12 579626828 5214 
8.492507493 3.064518109e+12 570615263.8 5371 
8.5004995 3.043531778e+12 579108394.2 5256 
8.508491508 2.933740628e+12 565099428.9 5192 
8.516483516 3.028777018e+12 570332139.1 5311 
8.524475524 2.966002677e+12 566404137.1 5237 
8.532467532 3.04114054e+12 564999828.3 5383 
8.54045954 2.891005532e+12 559021327.6 5172 
8.548451548 2.9429177e+12 555524236.7 5298 
8.556443556 2.983986947e+12 565090251.1 5281 
8.564435564 2.989582008e+12 567224027.6 5271 
8.572427572 2.912824874e+12 554448897.4 5254 
8.58041958 2.918917249e+12 557838485.9 5233 
8.588411588 2.971995345e+12 550721065.6 5397 
8.596403596 2.892342074e+12 550759688.3 5252 
8.604395604 2.997988845e+12 553486479 5417 
8.612387612 2.90588423e+12 552601804 5259 
8.62037962 2.907960003e+12 549340132.2 5294 
8.628371628 2.791918212e+12 542905546.8 5143 
8.636363636 2.815898089e+12 548101548.1 5138 
8.644355644 2.80406812e+12 544315556.6 5152 
8.652347652 2.878774486e+12 549851415 5236 
8.66033966 2.814863302e+12 535700009.4 5255 
8.668331668 2.797000109e+12 534538506.8 5233 
8.676323676 2.876704872e+12 532077249.3 5407 
8.684315684 2.842955359e+12 529556961 5369 
8.692307692 2.753112807e+12 532563321.6 5170 
8.7002997 2.262057376e+12 604420410.4 3743 
8.708291708 2.945532582e+12 530577640.1 5552 
8.716283716 2.703700415e+12 527083363.1 5130 
8.724275724 2.782068622e+12 520445244.5 5346 
8.732267732 2.787200921e+12 523756950 5322 
8.74025974 2.741366926e+12 521613417 5256 
8.748251748 2.771905536e+12 521470659 5316 
8.756243756 2.752692781e+12 516495803.4 5330 
8.764235764 2.657501497e+12 512383033.6 5187 
8.772227772 2.741247958e+12 519121310.7 5281 
8.78021978 2.708773381e+12 516689729 5243 
8.788211788 2.635168104e+12 503610268.9 5233 
8.796203796 2.682481004e+12 511186941.2 5248 
8.804195804 2.772232189e+12 515710780.3 5376 
8.812187812 2.709044649e+12 508401287.9 5329 
8.82017982 2.663406055e+12 506490141.6 5259 
8.828171828 2.722654528e+12 503304422 5410 
8.836163836 2.682580429e+12 501552178.9 5349 
8.844155844 2.620032837e+12 500909183.7 5231 
8.852147852 2.627313463e+12 499341591.9 5262 
8.86013986 2.719893635e+12 498737306.4 5454 
8.868131868 2.662936357e+12 500311514.2 5323 
8.876123876 2.676644842e+12 499975004.8 5354 
8.884115884 2.596546643e+12 497084208.9 5224 
8.892107892 2.641481807e+12 492395010.8 5365 
8.9000999 2.658315119e+12 492229600.8 5401 
8.908091908 2.559988246e+12 484153247.2 5288 
8.916083916 2.662728758e+12 488613462.9 5450 
8.924075924 2.613893218e+12 489808815.8 5337 
8.932067932 2.530513031e+12 481584437.7 5255 
8.94005994 2.543208173e+12 481891108.8 5278 
8.948051948 2.616736145e+12 478592822.5 5468 
8.956043956 2.572837691e+12 478884845.5 5373 
8.964035964 2.538413258e+12 479528713 5294 
8.972027972 2.540932906e+12 475780243.5 5341 
8.98001998 2.581148683e+12 479272061.1 5386 
8.988011988 2.43319458e+12 467153202.9 5209 
8.996003996 2.506446788e+12 474296313.3 5285 
